1 3 6 10 15 21 28 36 45 55 66 78 91 105 120 136 153 171 190 210 231 253 276 300 325 351 378 406 435 465 496 528 561 595 630 666 703 741 780 820 861 903 946 990 1035 1081 1128 1176 1225 1275 1326 1378 1431 1485 1540 1596 1653 1711 1770 1830 1891 1953 2016 2080 2145 2211 2278 2346 2415 2485 2556 2628 2701 2775 2850 2926 3003 3081 3160 3240 3321 3403 3486 3570 3655 3741 3828 3916 4005 4095 4186 4278 4371 4465 4560 4656 4753 4851 4950 5050 
2 6 12 20 30 42 56 72 90 110 132 156 182 210 240 272 306 342 380 420 462 506 552 600 650 702 756 812 870 930 992 1056 1122 1190 1260 1332 1406 1482 1560 1640 1722 1806 1892 1980 2070 2162 2256 2352 2450 2550 2652 2756 2862 2970 3080 3192 3306 3422 3540 3660 3782 3906 4032 4160 4290 4422 4556 4692 4830 4970 5112 5256 5402 5550 5700 5852 6006 6162 6320 6480 6642 6806 6972 7140 7310 7482 7656 7832 8010 8190 8372 8556 8742 8930 9120 9312 9506 9702 9900 10100 
3 9 18 30 45 63 84 108 135 165 198 234 273 315 360 408 459 513 570 630 693 759 828 900 975 1053 1134 1218 1305 1395 1488 1584 1683 1785 1890 1998 2109 2223 2340 2460 2583 2709 2838 2970 3105 3243 3384 3528 3675 3825 3978 4134 4293 4455 4620 4788 4959 5133 5310 5490 5673 5859 6048 6240 6435 6633 6834 7038 7245 7455 7668 7884 8103 8325 8550 8778 9009 9243 9480 9720 9963 10209 10458 10710 10965 11223 11484 11748 12015 12285 12558 12834 13113 13395 13680 13968 14259 14553 14850 15150 
4 12 24 40 60 84 112 144 180 220 264 312 364 420 480 544 612 684 760 840 924 1012 1104 1200 1300 1404 1512 1624 1740 1860 1984 2112 2244 2380 2520 2664 2812 2964 3120 3280 3444 3612 3784 3960 4140 4324 4512 4704 4900 5100 5304 5512 5724 5940 6160 6384 6612 6844 7080 7320 7564 7812 8064 8320 8580 8844 9112 9384 9660 9940 10224 10512 10804 11100 11400 11704 12012 12324 12640 12960 13284 13612 13944 14280 14620 14964 15312 15664 16020 16380 16744 17112 17484 17860 18240 18624 19012 19404 19800 20200 
5 15 30 50 75 105 140 180 225 275 330 390 455 525 600 680 765 855 950 1050 1155 1265 1380 1500 1625 1755 1890 2030 2175 2325 2480 2640 2805 2975 3150 3330 3515 3705 3900 4100 4305 4515 4730 4950 5175 5405 5640 5880 6125 6375 6630 6890 7155 7425 7700 7980 8265 8555 8850 9150 9455 9765 10080 10400 10725 11055 11390 11730 12075 12425 12780 13140 13505 13875 14250 14630 15015 15405 15800 16200 16605 17015 17430 17850 18275 18705 19140 19580 20025 20475 20930 21390 21855 22325 22800 23280 23765 24255 24750 25250 
6 18 36 60 90 126 168 216 270 330 396 468 546 630 720 816 918 1026 1140 1260 1386 1518 1656 1800 1950 2106 2268 2436 2610 2790 2976 3168 3366 3570 3780 3996 4218 4446 4680 4920 5166 5418 5676 5940 6210 6486 6768 7056 7350 7650 7956 8268 8586 8910 9240 9576 9918 10266 10620 10980 11346 11718 12096 12480 12870 13266 13668 14076 14490 14910 15336 15768 16206 16650 17100 17556 18018 18486 18960 19440 19926 20418 20916 21420 21930 22446 22968 23496 24030 24570 25116 25668 26226 26790 27360 27936 28518 29106 29700 30300 
7 21 42 70 105 147 196 252 315 385 462 546 637 735 840 952 1071 1197 1330 1470 1617 1771 1932 2100 2275 2457 2646 2842 3045 3255 3472 3696 3927 4165 4410 4662 4921 5187 5460 5740 6027 6321 6622 6930 7245 7567 7896 8232 8575 8925 9282 9646 10017 10395 10780 11172 11571 11977 12390 12810 13237 13671 14112 14560 15015 15477 15946 16422 16905 17395 17892 18396 18907 19425 19950 20482 21021 21567 22120 22680 23247 23821 24402 24990 25585 26187 26796 27412 28035 28665 29302 29946 30597 31255 31920 32592 33271 33957 34650 35350 
8 24 48 80 120 168 224 288 360 440 528 624 728 840 960 1088 1224 1368 1520 1680 1848 2024 2208 2400 2600 2808 3024 3248 3480 3720 3968 4224 4488 4760 5040 5328 5624 5928 6240 6560 6888 7224 7568 7920 8280 8648 9024 9408 9800 10200 10608 11024 11448 11880 12320 12768 13224 13688 14160 14640 15128 15624 16128 16640 17160 17688 18224 18768 19320 19880 20448 21024 21608 22200 22800 23408 24024 24648 25280 25920 26568 27224 27888 28560 29240 29928 30624 31328 32040 32760 33488 34224 34968 35720 36480 37248 38024 38808 39600 40400 
9 27 54 90 135 189 252 324 405 495 594 702 819 945 1080 1224 1377 1539 1710 1890 2079 2277 2484 2700 2925 3159 3402 3654 3915 4185 4464 4752 5049 5355 5670 5994 6327 6669 7020 7380 7749 8127 8514 8910 9315 9729 10152 10584 11025 11475 11934 12402 12879 13365 13860 14364 14877 15399 15930 16470 17019 17577 18144 18720 19305 19899 20502 21114 21735 22365 23004 23652 24309 24975 25650 26334 27027 27729 28440 29160 29889 30627 31374 32130 32895 33669 34452 35244 36045 36855 37674 38502 39339 40185 41040 41904 42777 43659 44550 45450 
10 30 60 100 150 210 280 360 450 550 660 780 910 1050 1200 1360 1530 1710 1900 2100 2310 2530 2760 3000 3250 3510 3780 4060 4350 4650 4960 5280 5610 5950 6300 6660 7030 7410 7800 8200 8610 9030 9460 9900 10350 10810 11280 11760 12250 12750 13260 13780 14310 14850 15400 15960 16530 17110 17700 18300 18910 19530 20160 20800 21450 22110 22780 23460 24150 24850 25560 26280 27010 27750 28500 29260 30030 30810 31600 32400 33210 34030 34860 35700 36550 37410 38280 39160 40050 40950 41860 42780 43710 44650 45600 46560 47530 48510 49500 50500 
11 33 66 110 165 231 308 396 495 605 726 858 1001 1155 1320 1496 1683 1881 2090 2310 2541 2783 3036 3300 3575 3861 4158 4466 4785 5115 5456 5808 6171 6545 6930 7326 7733 8151 8580 9020 9471 9933 10406 10890 11385 11891 12408 12936 13475 14025 14586 15158 15741 16335 16940 17556 18183 18821 19470 20130 20801 21483 22176 22880 23595 24321 25058 25806 26565 27335 28116 28908 29711 30525 31350 32186 33033 33891 34760 35640 36531 37433 38346 39270 40205 41151 42108 43076 44055 45045 46046 47058 48081 49115 50160 51216 52283 53361 54450 55550 
12 36 72 120 180 252 336 432 540 660 792 936 1092 1260 1440 1632 1836 2052 2280 2520 2772 3036 3312 3600 3900 4212 4536 4872 5220 5580 5952 6336 6732 7140 7560 7992 8436 8892 9360 9840 10332 10836 11352 11880 12420 12972 13536 14112 14700 15300 15912 16536 17172 17820 18480 19152 19836 20532 21240 21960 22692 23436 24192 24960 25740 26532 27336 28152 28980 29820 30672 31536 32412 33300 34200 35112 36036 36972 37920 38880 39852 40836 41832 42840 43860 44892 45936 46992 48060 49140 50232 51336 52452 53580 54720 55872 57036 58212 59400 60600 
13 39 78 130 195 273 364 468 585 715 858 1014 1183 1365 1560 1768 1989 2223 2470 2730 3003 3289 3588 3900 4225 4563 4914 5278 5655 6045 6448 6864 7293 7735 8190 8658 9139 9633 10140 10660 11193 11739 12298 12870 13455 14053 14664 15288 15925 16575 17238 17914 18603 19305 20020 20748 21489 22243 23010 23790 24583 25389 26208 27040 27885 28743 29614 30498 31395 32305 33228 34164 35113 36075 37050 38038 39039 40053 41080 42120 43173 44239 45318 46410 47515 48633 49764 50908 52065 53235 54418 55614 56823 58045 59280 60528 61789 63063 64350 65650 
14 42 84 140 210 294 392 504 630 770 924 1092 1274 1470 1680 1904 2142 2394 2660 2940 3234 3542 3864 4200 4550 4914 5292 5684 6090 6510 6944 7392 7854 8330 8820 9324 9842 10374 10920 11480 12054 12642 13244 13860 14490 15134 15792 16464 17150 17850 18564 19292 20034 20790 21560 22344 23142 23954 24780 25620 26474 27342 28224 29120 30030 30954 31892 32844 33810 34790 35784 36792 37814 38850 39900 40964 42042 43134 44240 45360 46494 47642 48804 49980 51170 52374 53592 54824 56070 57330 58604 59892 61194 62510 63840 65184 66542 67914 69300 70700 
15 45 90 150 225 315 420 540 675 825 990 1170 1365 1575 1800 2040 2295 2565 2850 3150 3465 3795 4140 4500 4875 5265 5670 6090 6525 6975 7440 7920 8415 8925 9450 9990 10545 11115 11700 12300 12915 13545 14190 14850 15525 16215 16920 17640 18375 19125 19890 20670 21465 22275 23100 23940 24795 25665 26550 27450 28365 29295 30240 31200 32175 33165 34170 35190 36225 37275 38340 39420 40515 41625 42750 43890 45045 46215 47400 48600 49815 51045 52290 53550 54825 56115 57420 58740 60075 61425 62790 64170 65565 66975 68400 69840 71295 72765 74250 75750 
16 48 96 160 240 336 448 576 720 880 1056 1248 1456 1680 1920 2176 2448 2736 3040 3360 3696 4048 4416 4800 5200 5616 6048 6496 6960 7440 7936 8448 8976 9520 10080 10656 11248 11856 12480 13120 13776 14448 15136 15840 16560 17296 18048 18816 19600 20400 21216 22048 22896 23760 24640 25536 26448 27376 28320 29280 30256 31248 32256 33280 34320 35376 36448 37536 38640 39760 40896 42048 43216 44400 45600 46816 48048 49296 50560 51840 53136 54448 55776 57120 58480 59856 61248 62656 64080 65520 66976 68448 69936 71440 72960 74496 76048 77616 79200 80800 
17 51 102 170 255 357 476 612 765 935 1122 1326 1547 1785 2040 2312 2601 2907 3230 3570 3927 4301 4692 5100 5525 5967 6426 6902 7395 7905 8432 8976 9537 10115 10710 11322 11951 12597 13260 13940 14637 15351 16082 16830 17595 18377 19176 19992 20825 21675 22542 23426 24327 25245 26180 27132 28101 29087 30090 31110 32147 33201 34272 35360 36465 37587 38726 39882 41055 42245 43452 44676 45917 47175 48450 49742 51051 52377 53720 55080 56457 57851 59262 60690 62135 63597 65076 66572 68085 69615 71162 72726 74307 75905 77520 79152 80801 82467 84150 85850 
18 54 108 180 270 378 504 648 810 990 1188 1404 1638 1890 2160 2448 2754 3078 3420 3780 4158 4554 4968 5400 5850 6318 6804 7308 7830 8370 8928 9504 10098 10710 11340 11988 12654 13338 14040 14760 15498 16254 17028 17820 18630 19458 20304 21168 22050 22950 23868 24804 25758 26730 27720 28728 29754 30798 31860 32940 34038 35154 36288 37440 38610 39798 41004 42228 43470 44730 46008 47304 48618 49950 51300 52668 54054 55458 56880 58320 59778 61254 62748 64260 65790 67338 68904 70488 72090 73710 75348 77004 78678 80370 82080 83808 85554 87318 89100 90900 
19 57 114 190 285 399 532 684 855 1045 1254 1482 1729 1995 2280 2584 2907 3249 3610 3990 4389 4807 5244 5700 6175 6669 7182 7714 8265 8835 9424 10032 10659 11305 11970 12654 13357 14079 14820 15580 16359 17157 17974 18810 19665 20539 21432 22344 23275 24225 25194 26182 27189 28215 29260 30324 31407 32509 33630 34770 35929 37107 38304 39520 40755 42009 43282 44574 45885 47215 48564 49932 51319 52725 54150 55594 57057 58539 60040 61560 63099 64657 66234 67830 69445 71079 72732 74404 76095 77805 79534 81282 83049 84835 86640 88464 90307 92169 94050 95950 
20 60 120 200 300 420 560 720 900 1100 1320 1560 1820 2100 2400 2720 3060 3420 3800 4200 4620 5060 5520 6000 6500 7020 7560 8120 8700 9300 9920 10560 11220 11900 12600 13320 14060 14820 15600 16400 17220 18060 18920 19800 20700 21620 22560 23520 24500 25500 26520 27560 28620 29700 30800 31920 33060 34220 35400 36600 37820 39060 40320 41600 42900 44220 45560 46920 48300 49700 51120 52560 54020 55500 57000 58520 60060 61620 63200 64800 66420 68060 69720 71400 73100 74820 76560 78320 80100 81900 83720 85560 87420 89300 91200 93120 95060 97020 99000 101000 
21 63 126 210 315 441 588 756 945 1155 1386 1638 1911 2205 2520 2856 3213 3591 3990 4410 4851 5313 5796 6300 6825 7371 7938 8526 9135 9765 10416 11088 11781 12495 13230 13986 14763 15561 16380 17220 18081 18963 19866 20790 21735 22701 23688 24696 25725 26775 27846 28938 30051 31185 32340 33516 34713 35931 37170 38430 39711 41013 42336 43680 45045 46431 47838 49266 50715 52185 53676 55188 56721 58275 59850 61446 63063 64701 66360 68040 69741 71463 73206 74970 76755 78561 80388 82236 84105 85995 87906 89838 91791 93765 95760 97776 99813 101871 103950 106050 
22 66 132 220 330 462 616 792 990 1210 1452 1716 2002 2310 2640 2992 3366 3762 4180 4620 5082 5566 6072 6600 7150 7722 8316 8932 9570 10230 10912 11616 12342 13090 13860 14652 15466 16302 17160 18040 18942 19866 20812 21780 22770 23782 24816 25872 26950 28050 29172 30316 31482 32670 33880 35112 36366 37642 38940 40260 41602 42966 44352 45760 47190 48642 50116 51612 53130 54670 56232 57816 59422 61050 62700 64372 66066 67782 69520 71280 73062 74866 76692 78540 80410 82302 84216 86152 88110 90090 92092 94116 96162 98230 100320 102432 104566 106722 108900 111100 
23 69 138 230 345 483 644 828 1035 1265 1518 1794 2093 2415 2760 3128 3519 3933 4370 4830 5313 5819 6348 6900 7475 8073 8694 9338 10005 10695 11408 12144 12903 13685 14490 15318 16169 17043 17940 18860 19803 20769 21758 22770 23805 24863 25944 27048 28175 29325 30498 31694 32913 34155 35420 36708 38019 39353 40710 42090 43493 44919 46368 47840 49335 50853 52394 53958 55545 57155 58788 60444 62123 63825 65550 67298 69069 70863 72680 74520 76383 78269 80178 82110 84065 86043 88044 90068 92115 94185 96278 98394 100533 102695 104880 107088 109319 111573 113850 116150 
24 72 144 240 360 504 672 864 1080 1320 1584 1872 2184 2520 2880 3264 3672 4104 4560 5040 5544 6072 6624 7200 7800 8424 9072 9744 10440 11160 11904 12672 13464 14280 15120 15984 16872 17784 18720 19680 20664 21672 22704 23760 24840 25944 27072 28224 29400 30600 31824 33072 34344 35640 36960 38304 39672 41064 42480 43920 45384 46872 48384 49920 51480 53064 54672 56304 57960 59640 61344 63072 64824 66600 68400 70224 72072 73944 75840 77760 79704 81672 83664 85680 87720 89784 91872 93984 96120 98280 100464 102672 104904 107160 109440 111744 114072 116424 118800 121200 
25 75 150 250 375 525 700 900 1125 1375 1650 1950 2275 2625 3000 3400 3825 4275 4750 5250 5775 6325 6900 7500 8125 8775 9450 10150 10875 11625 12400 13200 14025 14875 15750 16650 17575 18525 19500 20500 21525 22575 23650 24750 25875 27025 28200 29400 30625 31875 33150 34450 35775 37125 38500 39900 41325 42775 44250 45750 47275 48825 50400 52000 53625 55275 56950 58650 60375 62125 63900 65700 67525 69375 71250 73150 75075 77025 79000 81000 83025 85075 87150 89250 91375 93525 95700 97900 100125 102375 104650 106950 109275 111625 114000 116400 118825 121275 123750 126250 
26 78 156 260 390 546 728 936 1170 1430 1716 2028 2366 2730 3120 3536 3978 4446 4940 5460 6006 6578 7176 7800 8450 9126 9828 10556 11310 12090 12896 13728 14586 15470 16380 17316 18278 19266 20280 21320 22386 23478 24596 25740 26910 28106 29328 30576 31850 33150 34476 35828 37206 38610 40040 41496 42978 44486 46020 47580 49166 50778 52416 54080 55770 57486 59228 60996 62790 64610 66456 68328 70226 72150 74100 76076 78078 80106 82160 84240 86346 88478 90636 92820 95030 97266 99528 101816 104130 106470 108836 111228 113646 116090 118560 121056 123578 126126 128700 131300 
27 81 162 270 405 567 756 972 1215 1485 1782 2106 2457 2835 3240 3672 4131 4617 5130 5670 6237 6831 7452 8100 8775 9477 10206 10962 11745 12555 13392 14256 15147 16065 17010 17982 18981 20007 21060 22140 23247 24381 25542 26730 27945 29187 30456 31752 33075 34425 35802 37206 38637 40095 41580 43092 44631 46197 47790 49410 51057 52731 54432 56160 57915 59697 61506 63342 65205 67095 69012 70956 72927 74925 76950 79002 81081 83187 85320 87480 89667 91881 94122 96390 98685 101007 103356 105732 108135 110565 113022 115506 118017 120555 123120 125712 128331 130977 133650 136350 
28 84 168 280 420 588 784 1008 1260 1540 1848 2184 2548 2940 3360 3808 4284 4788 5320 5880 6468 7084 7728 8400 9100 9828 10584 11368 12180 13020 13888 14784 15708 16660 17640 18648 19684 20748 21840 22960 24108 25284 26488 27720 28980 30268 31584 32928 34300 35700 37128 38584 40068 41580 43120 44688 46284 47908 49560 51240 52948 54684 56448 58240 60060 61908 63784 65688 67620 69580 71568 73584 75628 77700 79800 81928 84084 86268 88480 90720 92988 95284 97608 99960 102340 104748 107184 109648 112140 114660 117208 119784 122388 125020 127680 130368 133084 135828 138600 141400 
29 87 174 290 435 609 812 1044 1305 1595 1914 2262 2639 3045 3480 3944 4437 4959 5510 6090 6699 7337 8004 8700 9425 10179 10962 11774 12615 13485 14384 15312 16269 17255 18270 19314 20387 21489 22620 23780 24969 26187 27434 28710 30015 31349 32712 34104 35525 36975 38454 39962 41499 43065 44660 46284 47937 49619 51330 53070 54839 56637 58464 60320 62205 64119 66062 68034 70035 72065 74124 76212 78329 80475 82650 84854 87087 89349 91640 93960 96309 98687 101094 103530 105995 108489 111012 113564 116145 118755 121394 124062 126759 129485 132240 135024 137837 140679 143550 146450 
30 90 180 300 450 630 840 1080 1350 1650 1980 2340 2730 3150 3600 4080 4590 5130 5700 6300 6930 7590 8280 9000 9750 10530 11340 12180 13050 13950 14880 15840 16830 17850 18900 19980 21090 22230 23400 24600 25830 27090 28380 29700 31050 32430 33840 35280 36750 38250 39780 41340 42930 44550 46200 47880 49590 51330 53100 54900 56730 58590 60480 62400 64350 66330 68340 70380 72450 74550 76680 78840 81030 83250 85500 87780 90090 92430 94800 97200 99630 102090 104580 107100 109650 112230 114840 117480 120150 122850 125580 128340 131130 133950 136800 139680 142590 145530 148500 151500 
31 93 186 310 465 651 868 1116 1395 1705 2046 2418 2821 3255 3720 4216 4743 5301 5890 6510 7161 7843 8556 9300 10075 10881 11718 12586 13485 14415 15376 16368 17391 18445 19530 20646 21793 22971 24180 25420 26691 27993 29326 30690 32085 33511 34968 36456 37975 39525 41106 42718 44361 46035 47740 49476 51243 53041 54870 56730 58621 60543 62496 64480 66495 68541 70618 72726 74865 77035 79236 81468 83731 86025 88350 90706 93093 95511 97960 100440 102951 105493 108066 110670 113305 115971 118668 121396 124155 126945 129766 132618 135501 138415 141360 144336 147343 150381 153450 156550 
32 96 192 320 480 672 896 1152 1440 1760 2112 2496 2912 3360 3840 4352 4896 5472 6080 6720 7392 8096 8832 9600 10400 11232 12096 12992 13920 14880 15872 16896 17952 19040 20160 21312 22496 23712 24960 26240 27552 28896 30272 31680 33120 34592 36096 37632 39200 40800 42432 44096 45792 47520 49280 51072 52896 54752 56640 58560 60512 62496 64512 66560 68640 70752 72896 75072 77280 79520 81792 84096 86432 88800 91200 93632 96096 98592 101120 103680 106272 108896 111552 114240 116960 119712 122496 125312 128160 131040 133952 136896 139872 142880 145920 148992 152096 155232 158400 161600 
33 99 198 330 495 693 924 1188 1485 1815 2178 2574 3003 3465 3960 4488 5049 5643 6270 6930 7623 8349 9108 9900 10725 11583 12474 13398 14355 15345 16368 17424 18513 19635 20790 21978 23199 24453 25740 27060 28413 29799 31218 32670 34155 35673 37224 38808 40425 42075 43758 45474 47223 49005 50820 52668 54549 56463 58410 60390 62403 64449 66528 68640 70785 72963 75174 77418 79695 82005 84348 86724 89133 91575 94050 96558 99099 101673 104280 106920 109593 112299 115038 117810 120615 123453 126324 129228 132165 135135 138138 141174 144243 147345 150480 153648 156849 160083 163350 166650 
34 102 204 340 510 714 952 1224 1530 1870 2244 2652 3094 3570 4080 4624 5202 5814 6460 7140 7854 8602 9384 10200 11050 11934 12852 13804 14790 15810 16864 17952 19074 20230 21420 22644 23902 25194 26520 27880 29274 30702 32164 33660 35190 36754 38352 39984 41650 43350 45084 46852 48654 50490 52360 54264 56202 58174 60180 62220 64294 66402 68544 70720 72930 75174 77452 79764 82110 84490 86904 89352 91834 94350 96900 99484 102102 104754 107440 110160 112914 115702 118524 121380 124270 127194 130152 133144 136170 139230 142324 145452 148614 151810 155040 158304 161602 164934 168300 171700 
35 105 210 350 525 735 980 1260 1575 1925 2310 2730 3185 3675 4200 4760 5355 5985 6650 7350 8085 8855 9660 10500 11375 12285 13230 14210 15225 16275 17360 18480 19635 20825 22050 23310 24605 25935 27300 28700 30135 31605 33110 34650 36225 37835 39480 41160 42875 44625 46410 48230 50085 51975 53900 55860 57855 59885 61950 64050 66185 68355 70560 72800 75075 77385 79730 82110 84525 86975 89460 91980 94535 97125 99750 102410 105105 107835 110600 113400 116235 119105 122010 124950 127925 130935 133980 137060 140175 143325 146510 149730 152985 156275 159600 162960 166355 169785 173250 176750 
36 108 216 360 540 756 1008 1296 1620 1980 2376 2808 3276 3780 4320 4896 5508 6156 6840 7560 8316 9108 9936 10800 11700 12636 13608 14616 15660 16740 17856 19008 20196 21420 22680 23976 25308 26676 28080 29520 30996 32508 34056 35640 37260 38916 40608 42336 44100 45900 47736 49608 51516 53460 55440 57456 59508 61596 63720 65880 68076 70308 72576 74880 77220 79596 82008 84456 86940 89460 92016 94608 97236 99900 102600 105336 108108 110916 113760 116640 119556 122508 125496 128520 131580 134676 137808 140976 144180 147420 150696 154008 157356 160740 164160 167616 171108 174636 178200 181800 
37 111 222 370 555 777 1036 1332 1665 2035 2442 2886 3367 3885 4440 5032 5661 6327 7030 7770 8547 9361 10212 11100 12025 12987 13986 15022 16095 17205 18352 19536 20757 22015 23310 24642 26011 27417 28860 30340 31857 33411 35002 36630 38295 39997 41736 43512 45325 47175 49062 50986 52947 54945 56980 59052 61161 63307 65490 67710 69967 72261 74592 76960 79365 81807 84286 86802 89355 91945 94572 97236 99937 102675 105450 108262 111111 113997 116920 119880 122877 125911 128982 132090 135235 138417 141636 144892 148185 151515 154882 158286 161727 165205 168720 172272 175861 179487 183150 186850 
38 114 228 380 570 798 1064 1368 1710 2090 2508 2964 3458 3990 4560 5168 5814 6498 7220 7980 8778 9614 10488 11400 12350 13338 14364 15428 16530 17670 18848 20064 21318 22610 23940 25308 26714 28158 29640 31160 32718 34314 35948 37620 39330 41078 42864 44688 46550 48450 50388 52364 54378 56430 58520 60648 62814 65018 67260 69540 71858 74214 76608 79040 81510 84018 86564 89148 91770 94430 97128 99864 102638 105450 108300 111188 114114 117078 120080 123120 126198 129314 132468 135660 138890 142158 145464 148808 152190 155610 159068 162564 166098 169670 173280 176928 180614 184338 188100 191900 
39 117 234 390 585 819 1092 1404 1755 2145 2574 3042 3549 4095 4680 5304 5967 6669 7410 8190 9009 9867 10764 11700 12675 13689 14742 15834 16965 18135 19344 20592 21879 23205 24570 25974 27417 28899 30420 31980 33579 35217 36894 38610 40365 42159 43992 45864 47775 49725 51714 53742 55809 57915 60060 62244 64467 66729 69030 71370 73749 76167 78624 81120 83655 86229 88842 91494 94185 96915 99684 102492 105339 108225 111150 114114 117117 120159 123240 126360 129519 132717 135954 139230 142545 145899 149292 152724 156195 159705 163254 166842 170469 174135 177840 181584 185367 189189 193050 196950 
40 120 240 400 600 840 1120 1440 1800 2200 2640 3120 3640 4200 4800 5440 6120 6840 7600 8400 9240 10120 11040 12000 13000 14040 15120 16240 17400 18600 19840 21120 22440 23800 25200 26640 28120 29640 31200 32800 34440 36120 37840 39600 41400 43240 45120 47040 49000 51000 53040 55120 57240 59400 61600 63840 66120 68440 70800 73200 75640 78120 80640 83200 85800 88440 91120 93840 96600 99400 102240 105120 108040 111000 114000 117040 120120 123240 126400 129600 132840 136120 139440 142800 146200 149640 153120 156640 160200 163800 167440 171120 174840 178600 182400 186240 190120 194040 198000 202000 
41 123 246 410 615 861 1148 1476 1845 2255 2706 3198 3731 4305 4920 5576 6273 7011 7790 8610 9471 10373 11316 12300 13325 14391 15498 16646 17835 19065 20336 21648 23001 24395 25830 27306 28823 30381 31980 33620 35301 37023 38786 40590 42435 44321 46248 48216 50225 52275 54366 56498 58671 60885 63140 65436 67773 70151 72570 75030 77531 80073 82656 85280 87945 90651 93398 96186 99015 101885 104796 107748 110741 113775 116850 119966 123123 126321 129560 132840 136161 139523 142926 146370 149855 153381 156948 160556 164205 167895 171626 175398 179211 183065 186960 190896 194873 198891 202950 207050 
42 126 252 420 630 882 1176 1512 1890 2310 2772 3276 3822 4410 5040 5712 6426 7182 7980 8820 9702 10626 11592 12600 13650 14742 15876 17052 18270 19530 20832 22176 23562 24990 26460 27972 29526 31122 32760 34440 36162 37926 39732 41580 43470 45402 47376 49392 51450 53550 55692 57876 60102 62370 64680 67032 69426 71862 74340 76860 79422 82026 84672 87360 90090 92862 95676 98532 101430 104370 107352 110376 113442 116550 119700 122892 126126 129402 132720 136080 139482 142926 146412 149940 153510 157122 160776 164472 168210 171990 175812 179676 183582 187530 191520 195552 199626 203742 207900 212100 
43 129 258 430 645 903 1204 1548 1935 2365 2838 3354 3913 4515 5160 5848 6579 7353 8170 9030 9933 10879 11868 12900 13975 15093 16254 17458 18705 19995 21328 22704 24123 25585 27090 28638 30229 31863 33540 35260 37023 38829 40678 42570 44505 46483 48504 50568 52675 54825 57018 59254 61533 63855 66220 68628 71079 73573 76110 78690 81313 83979 86688 89440 92235 95073 97954 100878 103845 106855 109908 113004 116143 119325 122550 125818 129129 132483 135880 139320 142803 146329 149898 153510 157165 160863 164604 168388 172215 176085 179998 183954 187953 191995 196080 200208 204379 208593 212850 217150 
44 132 264 440 660 924 1232 1584 1980 2420 2904 3432 4004 4620 5280 5984 6732 7524 8360 9240 10164 11132 12144 13200 14300 15444 16632 17864 19140 20460 21824 23232 24684 26180 27720 29304 30932 32604 34320 36080 37884 39732 41624 43560 45540 47564 49632 51744 53900 56100 58344 60632 62964 65340 67760 70224 72732 75284 77880 80520 83204 85932 88704 91520 94380 97284 100232 103224 106260 109340 112464 115632 118844 122100 125400 128744 132132 135564 139040 142560 146124 149732 153384 157080 160820 164604 168432 172304 176220 180180 184184 188232 192324 196460 200640 204864 209132 213444 217800 222200 
45 135 270 450 675 945 1260 1620 2025 2475 2970 3510 4095 4725 5400 6120 6885 7695 8550 9450 10395 11385 12420 13500 14625 15795 17010 18270 19575 20925 22320 23760 25245 26775 28350 29970 31635 33345 35100 36900 38745 40635 42570 44550 46575 48645 50760 52920 55125 57375 59670 62010 64395 66825 69300 71820 74385 76995 79650 82350 85095 87885 90720 93600 96525 99495 102510 105570 108675 111825 115020 118260 121545 124875 128250 131670 135135 138645 142200 145800 149445 153135 156870 160650 164475 168345 172260 176220 180225 184275 188370 192510 196695 200925 205200 209520 213885 218295 222750 227250 
46 138 276 460 690 966 1288 1656 2070 2530 3036 3588 4186 4830 5520 6256 7038 7866 8740 9660 10626 11638 12696 13800 14950 16146 17388 18676 20010 21390 22816 24288 25806 27370 28980 30636 32338 34086 35880 37720 39606 41538 43516 45540 47610 49726 51888 54096 56350 58650 60996 63388 65826 68310 70840 73416 76038 78706 81420 84180 86986 89838 92736 95680 98670 101706 104788 107916 111090 114310 117576 120888 124246 127650 131100 134596 138138 141726 145360 149040 152766 156538 160356 164220 168130 172086 176088 180136 184230 188370 192556 196788 201066 205390 209760 214176 218638 223146 227700 232300 
47 141 282 470 705 987 1316 1692 2115 2585 3102 3666 4277 4935 5640 6392 7191 8037 8930 9870 10857 11891 12972 14100 15275 16497 17766 19082 20445 21855 23312 24816 26367 27965 29610 31302 33041 34827 36660 38540 40467 42441 44462 46530 48645 50807 53016 55272 57575 59925 62322 64766 67257 69795 72380 75012 77691 80417 83190 86010 88877 91791 94752 97760 100815 103917 107066 110262 113505 116795 120132 123516 126947 130425 133950 137522 141141 144807 148520 152280 156087 159941 163842 167790 171785 175827 179916 184052 188235 192465 196742 201066 205437 209855 214320 218832 223391 227997 232650 237350 
48 144 288 480 720 1008 1344 1728 2160 2640 3168 3744 4368 5040 5760 6528 7344 8208 9120 10080 11088 12144 13248 14400 15600 16848 18144 19488 20880 22320 23808 25344 26928 28560 30240 31968 33744 35568 37440 39360 41328 43344 45408 47520 49680 51888 54144 56448 58800 61200 63648 66144 68688 71280 73920 76608 79344 82128 84960 87840 90768 93744 96768 99840 102960 106128 109344 112608 115920 119280 122688 126144 129648 133200 136800 140448 144144 147888 151680 155520 159408 163344 167328 171360 175440 179568 183744 187968 192240 196560 200928 205344 209808 214320 218880 223488 228144 232848 237600 242400 
49 147 294 490 735 1029 1372 1764 2205 2695 3234 3822 4459 5145 5880 6664 7497 8379 9310 10290 11319 12397 13524 14700 15925 17199 18522 19894 21315 22785 24304 25872 27489 29155 30870 32634 34447 36309 38220 40180 42189 44247 46354 48510 50715 52969 55272 57624 60025 62475 64974 67522 70119 72765 75460 78204 80997 83839 86730 89670 92659 95697 98784 101920 105105 108339 111622 114954 118335 121765 125244 128772 132349 135975 139650 143374 147147 150969 154840 158760 162729 166747 170814 174930 179095 183309 187572 191884 196245 200655 205114 209622 214179 218785 223440 228144 232897 237699 242550 247450 
50 150 300 500 750 1050 1400 1800 2250 2750 3300 3900 4550 5250 6000 6800 7650 8550 9500 10500 11550 12650 13800 15000 16250 17550 18900 20300 21750 23250 24800 26400 28050 29750 31500 33300 35150 37050 39000 41000 43050 45150 47300 49500 51750 54050 56400 58800 61250 63750 66300 68900 71550 74250 77000 79800 82650 85550 88500 91500 94550 97650 100800 104000 107250 110550 113900 117300 120750 124250 127800 131400 135050 138750 142500 146300 150150 154050 158000 162000 166050 170150 174300 178500 182750 187050 191400 195800 200250 204750 209300 213900 218550 223250 228000 232800 237650 242550 247500 252500 
51 153 306 510 765 1071 1428 1836 2295 2805 3366 3978 4641 5355 6120 6936 7803 8721 9690 10710 11781 12903 14076 15300 16575 17901 19278 20706 22185 23715 25296 26928 28611 30345 32130 33966 35853 37791 39780 41820 43911 46053 48246 50490 52785 55131 57528 59976 62475 65025 67626 70278 72981 75735 78540 81396 84303 87261 90270 93330 96441 99603 102816 106080 109395 112761 116178 119646 123165 126735 130356 134028 137751 141525 145350 149226 153153 157131 161160 165240 169371 173553 177786 182070 186405 190791 195228 199716 204255 208845 213486 218178 222921 227715 232560 237456 242403 247401 252450 257550 
52 156 312 520 780 1092 1456 1872 2340 2860 3432 4056 4732 5460 6240 7072 7956 8892 9880 10920 12012 13156 14352 15600 16900 18252 19656 21112 22620 24180 25792 27456 29172 30940 32760 34632 36556 38532 40560 42640 44772 46956 49192 51480 53820 56212 58656 61152 63700 66300 68952 71656 74412 77220 80080 82992 85956 88972 92040 95160 98332 101556 104832 108160 111540 114972 118456 121992 125580 129220 132912 136656 140452 144300 148200 152152 156156 160212 164320 168480 172692 176956 181272 185640 190060 194532 199056 203632 208260 212940 217672 222456 227292 232180 237120 242112 247156 252252 257400 262600 
53 159 318 530 795 1113 1484 1908 2385 2915 3498 4134 4823 5565 6360 7208 8109 9063 10070 11130 12243 13409 14628 15900 17225 18603 20034 21518 23055 24645 26288 27984 29733 31535 33390 35298 37259 39273 41340 43460 45633 47859 50138 52470 54855 57293 59784 62328 64925 67575 70278 73034 75843 78705 81620 84588 87609 90683 93810 96990 100223 103509 106848 110240 113685 117183 120734 124338 127995 131705 135468 139284 143153 147075 151050 155078 159159 163293 167480 171720 176013 180359 184758 189210 193715 198273 202884 207548 212265 217035 221858 226734 231663 236645 241680 246768 251909 257103 262350 267650 
54 162 324 540 810 1134 1512 1944 2430 2970 3564 4212 4914 5670 6480 7344 8262 9234 10260 11340 12474 13662 14904 16200 17550 18954 20412 21924 23490 25110 26784 28512 30294 32130 34020 35964 37962 40014 42120 44280 46494 48762 51084 53460 55890 58374 60912 63504 66150 68850 71604 74412 77274 80190 83160 86184 89262 92394 95580 98820 102114 105462 108864 112320 115830 119394 123012 126684 130410 134190 138024 141912 145854 149850 153900 158004 162162 166374 170640 174960 179334 183762 188244 192780 197370 202014 206712 211464 216270 221130 226044 231012 236034 241110 246240 251424 256662 261954 267300 272700 
55 165 330 550 825 1155 1540 1980 2475 3025 3630 4290 5005 5775 6600 7480 8415 9405 10450 11550 12705 13915 15180 16500 17875 19305 20790 22330 23925 25575 27280 29040 30855 32725 34650 36630 38665 40755 42900 45100 47355 49665 52030 54450 56925 59455 62040 64680 67375 70125 72930 75790 78705 81675 84700 87780 90915 94105 97350 100650 104005 107415 110880 114400 117975 121605 125290 129030 132825 136675 140580 144540 148555 152625 156750 160930 165165 169455 173800 178200 182655 187165 191730 196350 201025 205755 210540 215380 220275 225225 230230 235290 240405 245575 250800 256080 261415 266805 272250 277750 
56 168 336 560 840 1176 1568 2016 2520 3080 3696 4368 5096 5880 6720 7616 8568 9576 10640 11760 12936 14168 15456 16800 18200 19656 21168 22736 24360 26040 27776 29568 31416 33320 35280 37296 39368 41496 43680 45920 48216 50568 52976 55440 57960 60536 63168 65856 68600 71400 74256 77168 80136 83160 86240 89376 92568 95816 99120 102480 105896 109368 112896 116480 120120 123816 127568 131376 135240 139160 143136 147168 151256 155400 159600 163856 168168 172536 176960 181440 185976 190568 195216 199920 204680 209496 214368 219296 224280 229320 234416 239568 244776 250040 255360 260736 266168 271656 277200 282800 
57 171 342 570 855 1197 1596 2052 2565 3135 3762 4446 5187 5985 6840 7752 8721 9747 10830 11970 13167 14421 15732 17100 18525 20007 21546 23142 24795 26505 28272 30096 31977 33915 35910 37962 40071 42237 44460 46740 49077 51471 53922 56430 58995 61617 64296 67032 69825 72675 75582 78546 81567 84645 87780 90972 94221 97527 100890 104310 107787 111321 114912 118560 122265 126027 129846 133722 137655 141645 145692 149796 153957 158175 162450 166782 171171 175617 180120 184680 189297 193971 198702 203490 208335 213237 218196 223212 228285 233415 238602 243846 249147 254505 259920 265392 270921 276507 282150 287850 
58 174 348 580 870 1218 1624 2088 2610 3190 3828 4524 5278 6090 6960 7888 8874 9918 11020 12180 13398 14674 16008 17400 18850 20358 21924 23548 25230 26970 28768 30624 32538 34510 36540 38628 40774 42978 45240 47560 49938 52374 54868 57420 60030 62698 65424 68208 71050 73950 76908 79924 82998 86130 89320 92568 95874 99238 102660 106140 109678 113274 116928 120640 124410 128238 132124 136068 140070 144130 148248 152424 156658 160950 165300 169708 174174 178698 183280 187920 192618 197374 202188 207060 211990 216978 222024 227128 232290 237510 242788 248124 253518 258970 264480 270048 275674 281358 287100 292900 
59 177 354 590 885 1239 1652 2124 2655 3245 3894 4602 5369 6195 7080 8024 9027 10089 11210 12390 13629 14927 16284 17700 19175 20709 22302 23954 25665 27435 29264 31152 33099 35105 37170 39294 41477 43719 46020 48380 50799 53277 55814 58410 61065 63779 66552 69384 72275 75225 78234 81302 84429 87615 90860 94164 97527 100949 104430 107970 111569 115227 118944 122720 126555 130449 134402 138414 142485 146615 150804 155052 159359 163725 168150 172634 177177 181779 186440 191160 195939 200777 205674 210630 215645 220719 225852 231044 236295 241605 246974 252402 257889 263435 269040 274704 280427 286209 292050 297950 
60 180 360 600 900 1260 1680 2160 2700 3300 3960 4680 5460 6300 7200 8160 9180 10260 11400 12600 13860 15180 16560 18000 19500 21060 22680 24360 26100 27900 29760 31680 33660 35700 37800 39960 42180 44460 46800 49200 51660 54180 56760 59400 62100 64860 67680 70560 73500 76500 79560 82680 85860 89100 92400 95760 99180 102660 106200 109800 113460 117180 120960 124800 128700 132660 136680 140760 144900 149100 153360 157680 162060 166500 171000 175560 180180 184860 189600 194400 199260 204180 209160 214200 219300 224460 229680 234960 240300 245700 251160 256680 262260 267900 273600 279360 285180 291060 297000 303000 
61 183 366 610 915 1281 1708 2196 2745 3355 4026 4758 5551 6405 7320 8296 9333 10431 11590 12810 14091 15433 16836 18300 19825 21411 23058 24766 26535 28365 30256 32208 34221 36295 38430 40626 42883 45201 47580 50020 52521 55083 57706 60390 63135 65941 68808 71736 74725 77775 80886 84058 87291 90585 93940 97356 100833 104371 107970 111630 115351 119133 122976 126880 130845 134871 138958 143106 147315 151585 155916 160308 164761 169275 173850 178486 183183 187941 192760 197640 202581 207583 212646 217770 222955 228201 233508 238876 244305 249795 255346 260958 266631 272365 278160 284016 289933 295911 301950 308050 
62 186 372 620 930 1302 1736 2232 2790 3410 4092 4836 5642 6510 7440 8432 9486 10602 11780 13020 14322 15686 17112 18600 20150 21762 23436 25172 26970 28830 30752 32736 34782 36890 39060 41292 43586 45942 48360 50840 53382 55986 58652 61380 64170 67022 69936 72912 75950 79050 82212 85436 88722 92070 95480 98952 102486 106082 109740 113460 117242 121086 124992 128960 132990 137082 141236 145452 149730 154070 158472 162936 167462 172050 176700 181412 186186 191022 195920 200880 205902 210986 216132 221340 226610 231942 237336 242792 248310 253890 259532 265236 271002 276830 282720 288672 294686 300762 306900 313100 
63 189 378 630 945 1323 1764 2268 2835 3465 4158 4914 5733 6615 7560 8568 9639 10773 11970 13230 14553 15939 17388 18900 20475 22113 23814 25578 27405 29295 31248 33264 35343 37485 39690 41958 44289 46683 49140 51660 54243 56889 59598 62370 65205 68103 71064 74088 77175 80325 83538 86814 90153 93555 97020 100548 104139 107793 111510 115290 119133 123039 127008 131040 135135 139293 143514 147798 152145 156555 161028 165564 170163 174825 179550 184338 189189 194103 199080 204120 209223 214389 219618 224910 230265 235683 241164 246708 252315 257985 263718 269514 275373 281295 287280 293328 299439 305613 311850 318150 
64 192 384 640 960 1344 1792 2304 2880 3520 4224 4992 5824 6720 7680 8704 9792 10944 12160 13440 14784 16192 17664 19200 20800 22464 24192 25984 27840 29760 31744 33792 35904 38080 40320 42624 44992 47424 49920 52480 55104 57792 60544 63360 66240 69184 72192 75264 78400 81600 84864 88192 91584 95040 98560 102144 105792 109504 113280 117120 121024 124992 129024 133120 137280 141504 145792 150144 154560 159040 163584 168192 172864 177600 182400 187264 192192 197184 202240 207360 212544 217792 223104 228480 233920 239424 244992 250624 256320 262080 267904 273792 279744 285760 291840 297984 304192 310464 316800 323200 
65 195 390 650 975 1365 1820 2340 2925 3575 4290 5070 5915 6825 7800 8840 9945 11115 12350 13650 15015 16445 17940 19500 21125 22815 24570 26390 28275 30225 32240 34320 36465 38675 40950 43290 45695 48165 50700 53300 55965 58695 61490 64350 67275 70265 73320 76440 79625 82875 86190 89570 93015 96525 100100 103740 107445 111215 115050 118950 122915 126945 131040 135200 139425 143715 148070 152490 156975 161525 166140 170820 175565 180375 185250 190190 195195 200265 205400 210600 215865 221195 226590 232050 237575 243165 248820 254540 260325 266175 272090 278070 284115 290225 296400 302640 308945 315315 321750 328250 
66 198 396 660 990 1386 1848 2376 2970 3630 4356 5148 6006 6930 7920 8976 10098 11286 12540 13860 15246 16698 18216 19800 21450 23166 24948 26796 28710 30690 32736 34848 37026 39270 41580 43956 46398 48906 51480 54120 56826 59598 62436 65340 68310 71346 74448 77616 80850 84150 87516 90948 94446 98010 101640 105336 109098 112926 116820 120780 124806 128898 133056 137280 141570 145926 150348 154836 159390 164010 168696 173448 178266 183150 188100 193116 198198 203346 208560 213840 219186 224598 230076 235620 241230 246906 252648 258456 264330 270270 276276 282348 288486 294690 300960 307296 313698 320166 326700 333300 
67 201 402 670 1005 1407 1876 2412 3015 3685 4422 5226 6097 7035 8040 9112 10251 11457 12730 14070 15477 16951 18492 20100 21775 23517 25326 27202 29145 31155 33232 35376 37587 39865 42210 44622 47101 49647 52260 54940 57687 60501 63382 66330 69345 72427 75576 78792 82075 85425 88842 92326 95877 99495 103180 106932 110751 114637 118590 122610 126697 130851 135072 139360 143715 148137 152626 157182 161805 166495 171252 176076 180967 185925 190950 196042 201201 206427 211720 217080 222507 228001 233562 239190 244885 250647 256476 262372 268335 274365 280462 286626 292857 299155 305520 311952 318451 325017 331650 338350 
68 204 408 680 1020 1428 1904 2448 3060 3740 4488 5304 6188 7140 8160 9248 10404 11628 12920 14280 15708 17204 18768 20400 22100 23868 25704 27608 29580 31620 33728 35904 38148 40460 42840 45288 47804 50388 53040 55760 58548 61404 64328 67320 70380 73508 76704 79968 83300 86700 90168 93704 97308 100980 104720 108528 112404 116348 120360 124440 128588 132804 137088 141440 145860 150348 154904 159528 164220 168980 173808 178704 183668 188700 193800 198968 204204 209508 214880 220320 225828 231404 237048 242760 248540 254388 260304 266288 272340 278460 284648 290904 297228 303620 310080 316608 323204 329868 336600 343400 
69 207 414 690 1035 1449 1932 2484 3105 3795 4554 5382 6279 7245 8280 9384 10557 11799 13110 14490 15939 17457 19044 20700 22425 24219 26082 28014 30015 32085 34224 36432 38709 41055 43470 45954 48507 51129 53820 56580 59409 62307 65274 68310 71415 74589 77832 81144 84525 87975 91494 95082 98739 102465 106260 110124 114057 118059 122130 126270 130479 134757 139104 143520 148005 152559 157182 161874 166635 171465 176364 181332 186369 191475 196650 201894 207207 212589 218040 223560 229149 234807 240534 246330 252195 258129 264132 270204 276345 282555 288834 295182 301599 308085 314640 321264 327957 334719 341550 348450 
70 210 420 700 1050 1470 1960 2520 3150 3850 4620 5460 6370 7350 8400 9520 10710 11970 13300 14700 16170 17710 19320 21000 22750 24570 26460 28420 30450 32550 34720 36960 39270 41650 44100 46620 49210 51870 54600 57400 60270 63210 66220 69300 72450 75670 78960 82320 85750 89250 92820 96460 100170 103950 107800 111720 115710 119770 123900 128100 132370 136710 141120 145600 150150 154770 159460 164220 169050 173950 178920 183960 189070 194250 199500 204820 210210 215670 221200 226800 232470 238210 244020 249900 255850 261870 267960 274120 280350 286650 293020 299460 305970 312550 319200 325920 332710 339570 346500 353500 
71 213 426 710 1065 1491 1988 2556 3195 3905 4686 5538 6461 7455 8520 9656 10863 12141 13490 14910 16401 17963 19596 21300 23075 24921 26838 28826 30885 33015 35216 37488 39831 42245 44730 47286 49913 52611 55380 58220 61131 64113 67166 70290 73485 76751 80088 83496 86975 90525 94146 97838 101601 105435 109340 113316 117363 121481 125670 129930 134261 138663 143136 147680 152295 156981 161738 166566 171465 176435 181476 186588 191771 197025 202350 207746 213213 218751 224360 230040 235791 241613 247506 253470 259505 265611 271788 278036 284355 290745 297206 303738 310341 317015 323760 330576 337463 344421 351450 358550 
72 216 432 720 1080 1512 2016 2592 3240 3960 4752 5616 6552 7560 8640 9792 11016 12312 13680 15120 16632 18216 19872 21600 23400 25272 27216 29232 31320 33480 35712 38016 40392 42840 45360 47952 50616 53352 56160 59040 61992 65016 68112 71280 74520 77832 81216 84672 88200 91800 95472 99216 103032 106920 110880 114912 119016 123192 127440 131760 136152 140616 145152 149760 154440 159192 164016 168912 173880 178920 184032 189216 194472 199800 205200 210672 216216 221832 227520 233280 239112 245016 250992 257040 263160 269352 275616 281952 288360 294840 301392 308016 314712 321480 328320 335232 342216 349272 356400 363600 
73 219 438 730 1095 1533 2044 2628 3285 4015 4818 5694 6643 7665 8760 9928 11169 12483 13870 15330 16863 18469 20148 21900 23725 25623 27594 29638 31755 33945 36208 38544 40953 43435 45990 48618 51319 54093 56940 59860 62853 65919 69058 72270 75555 78913 82344 85848 89425 93075 96798 100594 104463 108405 112420 116508 120669 124903 129210 133590 138043 142569 147168 151840 156585 161403 166294 171258 176295 181405 186588 191844 197173 202575 208050 213598 219219 224913 230680 236520 242433 248419 254478 260610 266815 273093 279444 285868 292365 298935 305578 312294 319083 325945 332880 339888 346969 354123 361350 368650 
74 222 444 740 1110 1554 2072 2664 3330 4070 4884 5772 6734 7770 8880 10064 11322 12654 14060 15540 17094 18722 20424 22200 24050 25974 27972 30044 32190 34410 36704 39072 41514 44030 46620 49284 52022 54834 57720 60680 63714 66822 70004 73260 76590 79994 83472 87024 90650 94350 98124 101972 105894 109890 113960 118104 122322 126614 130980 135420 139934 144522 149184 153920 158730 163614 168572 173604 178710 183890 189144 194472 199874 205350 210900 216524 222222 227994 233840 239760 245754 251822 257964 264180 270470 276834 283272 289784 296370 303030 309764 316572 323454 330410 337440 344544 351722 358974 366300 373700 
75 225 450 750 1125 1575 2100 2700 3375 4125 4950 5850 6825 7875 9000 10200 11475 12825 14250 15750 17325 18975 20700 22500 24375 26325 28350 30450 32625 34875 37200 39600 42075 44625 47250 49950 52725 55575 58500 61500 64575 67725 70950 74250 77625 81075 84600 88200 91875 95625 99450 103350 107325 111375 115500 119700 123975 128325 132750 137250 141825 146475 151200 156000 160875 165825 170850 175950 181125 186375 191700 197100 202575 208125 213750 219450 225225 231075 237000 243000 249075 255225 261450 267750 274125 280575 287100 293700 300375 307125 313950 320850 327825 334875 342000 349200 356475 363825 371250 378750 
76 228 456 760 1140 1596 2128 2736 3420 4180 5016 5928 6916 7980 9120 10336 11628 12996 14440 15960 17556 19228 20976 22800 24700 26676 28728 30856 33060 35340 37696 40128 42636 45220 47880 50616 53428 56316 59280 62320 65436 68628 71896 75240 78660 82156 85728 89376 93100 96900 100776 104728 108756 112860 117040 121296 125628 130036 134520 139080 143716 148428 153216 158080 163020 168036 173128 178296 183540 188860 194256 199728 205276 210900 216600 222376 228228 234156 240160 246240 252396 258628 264936 271320 277780 284316 290928 297616 304380 311220 318136 325128 332196 339340 346560 353856 361228 368676 376200 383800 
77 231 462 770 1155 1617 2156 2772 3465 4235 5082 6006 7007 8085 9240 10472 11781 13167 14630 16170 17787 19481 21252 23100 25025 27027 29106 31262 33495 35805 38192 40656 43197 45815 48510 51282 54131 57057 60060 63140 66297 69531 72842 76230 79695 83237 86856 90552 94325 98175 102102 106106 110187 114345 118580 122892 127281 131747 136290 140910 145607 150381 155232 160160 165165 170247 175406 180642 185955 191345 196812 202356 207977 213675 219450 225302 231231 237237 243320 249480 255717 262031 268422 274890 281435 288057 294756 301532 308385 315315 322322 329406 336567 343805 351120 358512 365981 373527 381150 388850 
78 234 468 780 1170 1638 2184 2808 3510 4290 5148 6084 7098 8190 9360 10608 11934 13338 14820 16380 18018 19734 21528 23400 25350 27378 29484 31668 33930 36270 38688 41184 43758 46410 49140 51948 54834 57798 60840 63960 67158 70434 73788 77220 80730 84318 87984 91728 95550 99450 103428 107484 111618 115830 120120 124488 128934 133458 138060 142740 147498 152334 157248 162240 167310 172458 177684 182988 188370 193830 199368 204984 210678 216450 222300 228228 234234 240318 246480 252720 259038 265434 271908 278460 285090 291798 298584 305448 312390 319410 326508 333684 340938 348270 355680 363168 370734 378378 386100 393900 
79 237 474 790 1185 1659 2212 2844 3555 4345 5214 6162 7189 8295 9480 10744 12087 13509 15010 16590 18249 19987 21804 23700 25675 27729 29862 32074 34365 36735 39184 41712 44319 47005 49770 52614 55537 58539 61620 64780 68019 71337 74734 78210 81765 85399 89112 92904 96775 100725 104754 108862 113049 117315 121660 126084 130587 135169 139830 144570 149389 154287 159264 164320 169455 174669 179962 185334 190785 196315 201924 207612 213379 219225 225150 231154 237237 243399 249640 255960 262359 268837 275394 282030 288745 295539 302412 309364 316395 323505 330694 337962 345309 352735 360240 367824 375487 383229 391050 398950 
80 240 480 800 1200 1680 2240 2880 3600 4400 5280 6240 7280 8400 9600 10880 12240 13680 15200 16800 18480 20240 22080 24000 26000 28080 30240 32480 34800 37200 39680 42240 44880 47600 50400 53280 56240 59280 62400 65600 68880 72240 75680 79200 82800 86480 90240 94080 98000 102000 106080 110240 114480 118800 123200 127680 132240 136880 141600 146400 151280 156240 161280 166400 171600 176880 182240 187680 193200 198800 204480 210240 216080 222000 228000 234080 240240 246480 252800 259200 265680 272240 278880 285600 292400 299280 306240 313280 320400 327600 334880 342240 349680 357200 364800 372480 380240 388080 396000 404000 
81 243 486 810 1215 1701 2268 2916 3645 4455 5346 6318 7371 8505 9720 11016 12393 13851 15390 17010 18711 20493 22356 24300 26325 28431 30618 32886 35235 37665 40176 42768 45441 48195 51030 53946 56943 60021 63180 66420 69741 73143 76626 80190 83835 87561 91368 95256 99225 103275 107406 111618 115911 120285 124740 129276 133893 138591 143370 148230 153171 158193 163296 168480 173745 179091 184518 190026 195615 201285 207036 212868 218781 224775 230850 237006 243243 249561 255960 262440 269001 275643 282366 289170 296055 303021 310068 317196 324405 331695 339066 346518 354051 361665 369360 377136 384993 392931 400950 409050 
82 246 492 820 1230 1722 2296 2952 3690 4510 5412 6396 7462 8610 9840 11152 12546 14022 15580 17220 18942 20746 22632 24600 26650 28782 30996 33292 35670 38130 40672 43296 46002 48790 51660 54612 57646 60762 63960 67240 70602 74046 77572 81180 84870 88642 92496 96432 100450 104550 108732 112996 117342 121770 126280 130872 135546 140302 145140 150060 155062 160146 165312 170560 175890 181302 186796 192372 198030 203770 209592 215496 221482 227550 233700 239932 246246 252642 259120 265680 272322 279046 285852 292740 299710 306762 313896 321112 328410 335790 343252 350796 358422 366130 373920 381792 389746 397782 405900 414100 
83 249 498 830 1245 1743 2324 2988 3735 4565 5478 6474 7553 8715 9960 11288 12699 14193 15770 17430 19173 20999 22908 24900 26975 29133 31374 33698 36105 38595 41168 43824 46563 49385 52290 55278 58349 61503 64740 68060 71463 74949 78518 82170 85905 89723 93624 97608 101675 105825 110058 114374 118773 123255 127820 132468 137199 142013 146910 151890 156953 162099 167328 172640 178035 183513 189074 194718 200445 206255 212148 218124 224183 230325 236550 242858 249249 255723 262280 268920 275643 282449 289338 296310 303365 310503 317724 325028 332415 339885 347438 355074 362793 370595 378480 386448 394499 402633 410850 419150 
84 252 504 840 1260 1764 2352 3024 3780 4620 5544 6552 7644 8820 10080 11424 12852 14364 15960 17640 19404 21252 23184 25200 27300 29484 31752 34104 36540 39060 41664 44352 47124 49980 52920 55944 59052 62244 65520 68880 72324 75852 79464 83160 86940 90804 94752 98784 102900 107100 111384 115752 120204 124740 129360 134064 138852 143724 148680 153720 158844 164052 169344 174720 180180 185724 191352 197064 202860 208740 214704 220752 226884 233100 239400 245784 252252 258804 265440 272160 278964 285852 292824 299880 307020 314244 321552 328944 336420 343980 351624 359352 367164 375060 383040 391104 399252 407484 415800 424200 
85 255 510 850 1275 1785 2380 3060 3825 4675 5610 6630 7735 8925 10200 11560 13005 14535 16150 17850 19635 21505 23460 25500 27625 29835 32130 34510 36975 39525 42160 44880 47685 50575 53550 56610 59755 62985 66300 69700 73185 76755 80410 84150 87975 91885 95880 99960 104125 108375 112710 117130 121635 126225 130900 135660 140505 145435 150450 155550 160735 166005 171360 176800 182325 187935 193630 199410 205275 211225 217260 223380 229585 235875 242250 248710 255255 261885 268600 275400 282285 289255 296310 303450 310675 317985 325380 332860 340425 348075 355810 363630 371535 379525 387600 395760 404005 412335 420750 429250 
86 258 516 860 1290 1806 2408 3096 3870 4730 5676 6708 7826 9030 10320 11696 13158 14706 16340 18060 19866 21758 23736 25800 27950 30186 32508 34916 37410 39990 42656 45408 48246 51170 54180 57276 60458 63726 67080 70520 74046 77658 81356 85140 89010 92966 97008 101136 105350 109650 114036 118508 123066 127710 132440 137256 142158 147146 152220 157380 162626 167958 173376 178880 184470 190146 195908 201756 207690 213710 219816 226008 232286 238650 245100 251636 258258 264966 271760 278640 285606 292658 299796 307020 314330 321726 329208 336776 344430 352170 359996 367908 375906 383990 392160 400416 408758 417186 425700 434300 
87 261 522 870 1305 1827 2436 3132 3915 4785 5742 6786 7917 9135 10440 11832 13311 14877 16530 18270 20097 22011 24012 26100 28275 30537 32886 35322 37845 40455 43152 45936 48807 51765 54810 57942 61161 64467 67860 71340 74907 78561 82302 86130 90045 94047 98136 102312 106575 110925 115362 119886 124497 129195 133980 138852 143811 148857 153990 159210 164517 169911 175392 180960 186615 192357 198186 204102 210105 216195 222372 228636 234987 241425 247950 254562 261261 268047 274920 281880 288927 296061 303282 310590 317985 325467 333036 340692 348435 356265 364182 372186 380277 388455 396720 405072 413511 422037 430650 439350 
88 264 528 880 1320 1848 2464 3168 3960 4840 5808 6864 8008 9240 10560 11968 13464 15048 16720 18480 20328 22264 24288 26400 28600 30888 33264 35728 38280 40920 43648 46464 49368 52360 55440 58608 61864 65208 68640 72160 75768 79464 83248 87120 91080 95128 99264 103488 107800 112200 116688 121264 125928 130680 135520 140448 145464 150568 155760 161040 166408 171864 177408 183040 188760 194568 200464 206448 212520 218680 224928 231264 237688 244200 250800 257488 264264 271128 278080 285120 292248 299464 306768 314160 321640 329208 336864 344608 352440 360360 368368 376464 384648 392920 401280 409728 418264 426888 435600 444400 
89 267 534 890 1335 1869 2492 3204 4005 4895 5874 6942 8099 9345 10680 12104 13617 15219 16910 18690 20559 22517 24564 26700 28925 31239 33642 36134 38715 41385 44144 46992 49929 52955 56070 59274 62567 65949 69420 72980 76629 80367 84194 88110 92115 96209 100392 104664 109025 113475 118014 122642 127359 132165 137060 142044 147117 152279 157530 162870 168299 173817 179424 185120 190905 196779 202742 208794 214935 221165 227484 233892 240389 246975 253650 260414 267267 274209 281240 288360 295569 302867 310254 317730 325295 332949 340692 348524 356445 364455 372554 380742 389019 397385 405840 414384 423017 431739 440550 449450 
90 270 540 900 1350 1890 2520 3240 4050 4950 5940 7020 8190 9450 10800 12240 13770 15390 17100 18900 20790 22770 24840 27000 29250 31590 34020 36540 39150 41850 44640 47520 50490 53550 56700 59940 63270 66690 70200 73800 77490 81270 85140 89100 93150 97290 101520 105840 110250 114750 119340 124020 128790 133650 138600 143640 148770 153990 159300 164700 170190 175770 181440 187200 193050 198990 205020 211140 217350 223650 230040 236520 243090 249750 256500 263340 270270 277290 284400 291600 298890 306270 313740 321300 328950 336690 344520 352440 360450 368550 376740 385020 393390 401850 410400 419040 427770 436590 445500 454500 
91 273 546 910 1365 1911 2548 3276 4095 5005 6006 7098 8281 9555 10920 12376 13923 15561 17290 19110 21021 23023 25116 27300 29575 31941 34398 36946 39585 42315 45136 48048 51051 54145 57330 60606 63973 67431 70980 74620 78351 82173 86086 90090 94185 98371 102648 107016 111475 116025 120666 125398 130221 135135 140140 145236 150423 155701 161070 166530 172081 177723 183456 189280 195195 201201 207298 213486 219765 226135 232596 239148 245791 252525 259350 266266 273273 280371 287560 294840 302211 309673 317226 324870 332605 340431 348348 356356 364455 372645 380926 389298 397761 406315 414960 423696 432523 441441 450450 459550 
92 276 552 920 1380 1932 2576 3312 4140 5060 6072 7176 8372 9660 11040 12512 14076 15732 17480 19320 21252 23276 25392 27600 29900 32292 34776 37352 40020 42780 45632 48576 51612 54740 57960 61272 64676 68172 71760 75440 79212 83076 87032 91080 95220 99452 103776 108192 112700 117300 121992 126776 131652 136620 141680 146832 152076 157412 162840 168360 173972 179676 185472 191360 197340 203412 209576 215832 222180 228620 235152 241776 248492 255300 262200 269192 276276 283452 290720 298080 305532 313076 320712 328440 336260 344172 352176 360272 368460 376740 385112 393576 402132 410780 419520 428352 437276 446292 455400 464600 
93 279 558 930 1395 1953 2604 3348 4185 5115 6138 7254 8463 9765 11160 12648 14229 15903 17670 19530 21483 23529 25668 27900 30225 32643 35154 37758 40455 43245 46128 49104 52173 55335 58590 61938 65379 68913 72540 76260 80073 83979 87978 92070 96255 100533 104904 109368 113925 118575 123318 128154 133083 138105 143220 148428 153729 159123 164610 170190 175863 181629 187488 193440 199485 205623 211854 218178 224595 231105 237708 244404 251193 258075 265050 272118 279279 286533 293880 301320 308853 316479 324198 332010 339915 347913 356004 364188 372465 380835 389298 397854 406503 415245 424080 433008 442029 451143 460350 469650 
94 282 564 940 1410 1974 2632 3384 4230 5170 6204 7332 8554 9870 11280 12784 14382 16074 17860 19740 21714 23782 25944 28200 30550 32994 35532 38164 40890 43710 46624 49632 52734 55930 59220 62604 66082 69654 73320 77080 80934 84882 88924 93060 97290 101614 106032 110544 115150 119850 124644 129532 134514 139590 144760 150024 155382 160834 166380 172020 177754 183582 189504 195520 201630 207834 214132 220524 227010 233590 240264 247032 253894 260850 267900 275044 282282 289614 297040 304560 312174 319882 327684 335580 343570 351654 359832 368104 376470 384930 393484 402132 410874 419710 428640 437664 446782 455994 465300 474700 
95 285 570 950 1425 1995 2660 3420 4275 5225 6270 7410 8645 9975 11400 12920 14535 16245 18050 19950 21945 24035 26220 28500 30875 33345 35910 38570 41325 44175 47120 50160 53295 56525 59850 63270 66785 70395 74100 77900 81795 85785 89870 94050 98325 102695 107160 111720 116375 121125 125970 130910 135945 141075 146300 151620 157035 162545 168150 173850 179645 185535 191520 197600 203775 210045 216410 222870 229425 236075 242820 249660 256595 263625 270750 277970 285285 292695 300200 307800 315495 323285 331170 339150 347225 355395 363660 372020 380475 389025 397670 406410 415245 424175 433200 442320 451535 460845 470250 479750 
96 288 576 960 1440 2016 2688 3456 4320 5280 6336 7488 8736 10080 11520 13056 14688 16416 18240 20160 22176 24288 26496 28800 31200 33696 36288 38976 41760 44640 47616 50688 53856 57120 60480 63936 67488 71136 74880 78720 82656 86688 90816 95040 99360 103776 108288 112896 117600 122400 127296 132288 137376 142560 147840 153216 158688 164256 169920 175680 181536 187488 193536 199680 205920 212256 218688 225216 231840 238560 245376 252288 259296 266400 273600 280896 288288 295776 303360 311040 318816 326688 334656 342720 350880 359136 367488 375936 384480 393120 401856 410688 419616 428640 437760 446976 456288 465696 475200 484800 
97 291 582 970 1455 2037 2716 3492 4365 5335 6402 7566 8827 10185 11640 13192 14841 16587 18430 20370 22407 24541 26772 29100 31525 34047 36666 39382 42195 45105 48112 51216 54417 57715 61110 64602 68191 71877 75660 79540 83517 87591 91762 96030 100395 104857 109416 114072 118825 123675 128622 133666 138807 144045 149380 154812 160341 165967 171690 177510 183427 189441 195552 201760 208065 214467 220966 227562 234255 241045 247932 254916 261997 269175 276450 283822 291291 298857 306520 314280 322137 330091 338142 346290 354535 362877 371316 379852 388485 397215 406042 414966 423987 433105 442320 451632 461041 470547 480150 489850 
98 294 588 980 1470 2058 2744 3528 4410 5390 6468 7644 8918 10290 11760 13328 14994 16758 18620 20580 22638 24794 27048 29400 31850 34398 37044 39788 42630 45570 48608 51744 54978 58310 61740 65268 68894 72618 76440 80360 84378 88494 92708 97020 101430 105938 110544 115248 120050 124950 129948 135044 140238 145530 150920 156408 161994 167678 173460 179340 185318 191394 197568 203840 210210 216678 223244 229908 236670 243530 250488 257544 264698 271950 279300 286748 294294 301938 309680 317520 325458 333494 341628 349860 358190 366618 375144 383768 392490 401310 410228 419244 428358 437570 446880 456288 465794 475398 485100 494900 
99 297 594 990 1485 2079 2772 3564 4455 5445 6534 7722 9009 10395 11880 13464 15147 16929 18810 20790 22869 25047 27324 29700 32175 34749 37422 40194 43065 46035 49104 52272 55539 58905 62370 65934 69597 73359 77220 81180 85239 89397 93654 98010 102465 107019 111672 116424 121275 126225 131274 136422 141669 147015 152460 158004 163647 169389 175230 181170 187209 193347 199584 205920 212355 218889 225522 232254 239085 246015 253044 260172 267399 274725 282150 289674 297297 305019 312840 320760 328779 336897 345114 353430 361845 370359 378972 387684 396495 405405 414414 423522 432729 442035 451440 460944 470547 480249 490050 499950 
100 300 600 1000 1500 2100 2800 3600 4500 5500 6600 7800 9100 10500 12000 13600 15300 17100 19000 21000 23100 25300 27600 30000 32500 35100 37800 40600 43500 46500 49600 52800 56100 59500 63000 66600 70300 74100 78000 82000 86100 90300 94600 99000 103500 108100 112800 117600 122500 127500 132600 137800 143100 148500 154000 159600 165300 171100 177000 183000 189100 195300 201600 208000 214500 221100 227800 234600 241500 248500 255600 262800 270100 277500 285000 292600 300300 308100 316000 324000 332100 340300 348600 357000 365500 374100 382800 391600 400500 409500 418600 427800 437100 446500 456000 465600 475300 485100 495000 505000 
