1 3 6 10 15 21 28 36 45 55 66 78 91 105 120 136 153 171 190 210 231 253 276 300 325 351 378 406 435 465 496 528 561 595 630 666 703 741 780 820 861 903 946 990 1035 1081 1128 1176 1225 1275 1326 1378 1431 1485 1540 1596 1653 1711 1770 1830 1891 1953 2016 2080 2145 2211 2278 2346 2415 2485 
2 6 12 20 30 42 56 72 90 110 132 156 182 210 240 272 306 342 380 420 462 506 552 600 650 702 756 812 870 930 992 1056 1122 1190 1260 1332 1406 1482 1560 1640 1722 1806 1892 1980 2070 2162 2256 2352 2450 2550 2652 2756 2862 2970 3080 3192 3306 3422 3540 3660 3782 3906 4032 4160 4290 4422 4556 4692 4830 4970 
3 9 18 30 45 63 84 108 135 165 198 234 273 315 360 408 459 513 570 630 693 759 828 900 975 1053 1134 1218 1305 1395 1488 1584 1683 1785 1890 1998 2109 2223 2340 2460 2583 2709 2838 2970 3105 3243 3384 3528 3675 3825 3978 4134 4293 4455 4620 4788 4959 5133 5310 5490 5673 5859 6048 6240 6435 6633 6834 7038 7245 7455 
4 12 24 40 60 84 112 144 180 220 264 312 364 420 480 544 612 684 760 840 924 1012 1104 1200 1300 1404 1512 1624 1740 1860 1984 2112 2244 2380 2520 2664 2812 2964 3120 3280 3444 3612 3784 3960 4140 4324 4512 4704 4900 5100 5304 5512 5724 5940 6160 6384 6612 6844 7080 7320 7564 7812 8064 8320 8580 8844 9112 9384 9660 9940 
5 15 30 50 75 105 140 180 225 275 330 390 455 525 600 680 765 855 950 1050 1155 1265 1380 1500 1625 1755 1890 2030 2175 2325 2480 2640 2805 2975 3150 3330 3515 3705 3900 4100 4305 4515 4730 4950 5175 5405 5640 5880 6125 6375 6630 6890 7155 7425 7700 7980 8265 8555 8850 9150 9455 9765 10080 10400 10725 11055 11390 11730 12075 12425 
6 18 36 60 90 126 168 216 270 330 396 468 546 630 720 816 918 1026 1140 1260 1386 1518 1656 1800 1950 2106 2268 2436 2610 2790 2976 3168 3366 3570 3780 3996 4218 4446 4680 4920 5166 5418 5676 5940 6210 6486 6768 7056 7350 7650 7956 8268 8586 8910 9240 9576 9918 10266 10620 10980 11346 11718 12096 12480 12870 13266 13668 14076 14490 14910 
7 21 42 70 105 147 196 252 315 385 462 546 637 735 840 952 1071 1197 1330 1470 1617 1771 1932 2100 2275 2457 2646 2842 3045 3255 3472 3696 3927 4165 4410 4662 4921 5187 5460 5740 6027 6321 6622 6930 7245 7567 7896 8232 8575 8925 9282 9646 10017 10395 10780 11172 11571 11977 12390 12810 13237 13671 14112 14560 15015 15477 15946 16422 16905 17395 
8 24 48 80 120 168 224 288 360 440 528 624 728 840 960 1088 1224 1368 1520 1680 1848 2024 2208 2400 2600 2808 3024 3248 3480 3720 3968 4224 4488 4760 5040 5328 5624 5928 6240 6560 6888 7224 7568 7920 8280 8648 9024 9408 9800 10200 10608 11024 11448 11880 12320 12768 13224 13688 14160 14640 15128 15624 16128 16640 17160 17688 18224 18768 19320 19880 
9 27 54 90 135 189 252 324 405 495 594 702 819 945 1080 1224 1377 1539 1710 1890 2079 2277 2484 2700 2925 3159 3402 3654 3915 4185 4464 4752 5049 5355 5670 5994 6327 6669 7020 7380 7749 8127 8514 8910 9315 9729 10152 10584 11025 11475 11934 12402 12879 13365 13860 14364 14877 15399 15930 16470 17019 17577 18144 18720 19305 19899 20502 21114 21735 22365 
10 30 60 100 150 210 280 360 450 550 660 780 910 1050 1200 1360 1530 1710 1900 2100 2310 2530 2760 3000 3250 3510 3780 4060 4350 4650 4960 5280 5610 5950 6300 6660 7030 7410 7800 8200 8610 9030 9460 9900 10350 10810 11280 11760 12250 12750 13260 13780 14310 14850 15400 15960 16530 17110 17700 18300 18910 19530 20160 20800 21450 22110 22780 23460 24150 24850 
11 33 66 110 165 231 308 396 495 605 726 858 1001 1155 1320 1496 1683 1881 2090 2310 2541 2783 3036 3300 3575 3861 4158 4466 4785 5115 5456 5808 6171 6545 6930 7326 7733 8151 8580 9020 9471 9933 10406 10890 11385 11891 12408 12936 13475 14025 14586 15158 15741 16335 16940 17556 18183 18821 19470 20130 20801 21483 22176 22880 23595 24321 25058 25806 26565 27335 
12 36 72 120 180 252 336 432 540 660 792 936 1092 1260 1440 1632 1836 2052 2280 2520 2772 3036 3312 3600 3900 4212 4536 4872 5220 5580 5952 6336 6732 7140 7560 7992 8436 8892 9360 9840 10332 10836 11352 11880 12420 12972 13536 14112 14700 15300 15912 16536 17172 17820 18480 19152 19836 20532 21240 21960 22692 23436 24192 24960 25740 26532 27336 28152 28980 29820 
13 39 78 130 195 273 364 468 585 715 858 1014 1183 1365 1560 1768 1989 2223 2470 2730 3003 3289 3588 3900 4225 4563 4914 5278 5655 6045 6448 6864 7293 7735 8190 8658 9139 9633 10140 10660 11193 11739 12298 12870 13455 14053 14664 15288 15925 16575 17238 17914 18603 19305 20020 20748 21489 22243 23010 23790 24583 25389 26208 27040 27885 28743 29614 30498 31395 32305 
14 42 84 140 210 294 392 504 630 770 924 1092 1274 1470 1680 1904 2142 2394 2660 2940 3234 3542 3864 4200 4550 4914 5292 5684 6090 6510 6944 7392 7854 8330 8820 9324 9842 10374 10920 11480 12054 12642 13244 13860 14490 15134 15792 16464 17150 17850 18564 19292 20034 20790 21560 22344 23142 23954 24780 25620 26474 27342 28224 29120 30030 30954 31892 32844 33810 34790 
15 45 90 150 225 315 420 540 675 825 990 1170 1365 1575 1800 2040 2295 2565 2850 3150 3465 3795 4140 4500 4875 5265 5670 6090 6525 6975 7440 7920 8415 8925 9450 9990 10545 11115 11700 12300 12915 13545 14190 14850 15525 16215 16920 17640 18375 19125 19890 20670 21465 22275 23100 23940 24795 25665 26550 27450 28365 29295 30240 31200 32175 33165 34170 35190 36225 37275 
16 48 96 160 240 336 448 576 720 880 1056 1248 1456 1680 1920 2176 2448 2736 3040 3360 3696 4048 4416 4800 5200 5616 6048 6496 6960 7440 7936 8448 8976 9520 10080 10656 11248 11856 12480 13120 13776 14448 15136 15840 16560 17296 18048 18816 19600 20400 21216 22048 22896 23760 24640 25536 26448 27376 28320 29280 30256 31248 32256 33280 34320 35376 36448 37536 38640 39760 
17 51 102 170 255 357 476 612 765 935 1122 1326 1547 1785 2040 2312 2601 2907 3230 3570 3927 4301 4692 5100 5525 5967 6426 6902 7395 7905 8432 8976 9537 10115 10710 11322 11951 12597 13260 13940 14637 15351 16082 16830 17595 18377 19176 19992 20825 21675 22542 23426 24327 25245 26180 27132 28101 29087 30090 31110 32147 33201 34272 35360 36465 37587 38726 39882 41055 42245 
18 54 108 180 270 378 504 648 810 990 1188 1404 1638 1890 2160 2448 2754 3078 3420 3780 4158 4554 4968 5400 5850 6318 6804 7308 7830 8370 8928 9504 10098 10710 11340 11988 12654 13338 14040 14760 15498 16254 17028 17820 18630 19458 20304 21168 22050 22950 23868 24804 25758 26730 27720 28728 29754 30798 31860 32940 34038 35154 36288 37440 38610 39798 41004 42228 43470 44730 
19 57 114 190 285 399 532 684 855 1045 1254 1482 1729 1995 2280 2584 2907 3249 3610 3990 4389 4807 5244 5700 6175 6669 7182 7714 8265 8835 9424 10032 10659 11305 11970 12654 13357 14079 14820 15580 16359 17157 17974 18810 19665 20539 21432 22344 23275 24225 25194 26182 27189 28215 29260 30324 31407 32509 33630 34770 35929 37107 38304 39520 40755 42009 43282 44574 45885 47215 
20 60 120 200 300 420 560 720 900 1100 1320 1560 1820 2100 2400 2720 3060 3420 3800 4200 4620 5060 5520 6000 6500 7020 7560 8120 8700 9300 9920 10560 11220 11900 12600 13320 14060 14820 15600 16400 17220 18060 18920 19800 20700 21620 22560 23520 24500 25500 26520 27560 28620 29700 30800 31920 33060 34220 35400 36600 37820 39060 40320 41600 42900 44220 45560 46920 48300 49700 
21 63 126 210 315 441 588 756 945 1155 1386 1638 1911 2205 2520 2856 3213 3591 3990 4410 4851 5313 5796 6300 6825 7371 7938 8526 9135 9765 10416 11088 11781 12495 13230 13986 14763 15561 16380 17220 18081 18963 19866 20790 21735 22701 23688 24696 25725 26775 27846 28938 30051 31185 32340 33516 34713 35931 37170 38430 39711 41013 42336 43680 45045 46431 47838 49266 50715 52185 
22 66 132 220 330 462 616 792 990 1210 1452 1716 2002 2310 2640 2992 3366 3762 4180 4620 5082 5566 6072 6600 7150 7722 8316 8932 9570 10230 10912 11616 12342 13090 13860 14652 15466 16302 17160 18040 18942 19866 20812 21780 22770 23782 24816 25872 26950 28050 29172 30316 31482 32670 33880 35112 36366 37642 38940 40260 41602 42966 44352 45760 47190 48642 50116 51612 53130 54670 
23 69 138 230 345 483 644 828 1035 1265 1518 1794 2093 2415 2760 3128 3519 3933 4370 4830 5313 5819 6348 6900 7475 8073 8694 9338 10005 10695 11408 12144 12903 13685 14490 15318 16169 17043 17940 18860 19803 20769 21758 22770 23805 24863 25944 27048 28175 29325 30498 31694 32913 34155 35420 36708 38019 39353 40710 42090 43493 44919 46368 47840 49335 50853 52394 53958 55545 57155 
24 72 144 240 360 504 672 864 1080 1320 1584 1872 2184 2520 2880 3264 3672 4104 4560 5040 5544 6072 6624 7200 7800 8424 9072 9744 10440 11160 11904 12672 13464 14280 15120 15984 16872 17784 18720 19680 20664 21672 22704 23760 24840 25944 27072 28224 29400 30600 31824 33072 34344 35640 36960 38304 39672 41064 42480 43920 45384 46872 48384 49920 51480 53064 54672 56304 57960 59640 
25 75 150 250 375 525 700 900 1125 1375 1650 1950 2275 2625 3000 3400 3825 4275 4750 5250 5775 6325 6900 7500 8125 8775 9450 10150 10875 11625 12400 13200 14025 14875 15750 16650 17575 18525 19500 20500 21525 22575 23650 24750 25875 27025 28200 29400 30625 31875 33150 34450 35775 37125 38500 39900 41325 42775 44250 45750 47275 48825 50400 52000 53625 55275 56950 58650 60375 62125 
26 78 156 260 390 546 728 936 1170 1430 1716 2028 2366 2730 3120 3536 3978 4446 4940 5460 6006 6578 7176 7800 8450 9126 9828 10556 11310 12090 12896 13728 14586 15470 16380 17316 18278 19266 20280 21320 22386 23478 24596 25740 26910 28106 29328 30576 31850 33150 34476 35828 37206 38610 40040 41496 42978 44486 46020 47580 49166 50778 52416 54080 55770 57486 59228 60996 62790 64610 
27 81 162 270 405 567 756 972 1215 1485 1782 2106 2457 2835 3240 3672 4131 4617 5130 5670 6237 6831 7452 8100 8775 9477 10206 10962 11745 12555 13392 14256 15147 16065 17010 17982 18981 20007 21060 22140 23247 24381 25542 26730 27945 29187 30456 31752 33075 34425 35802 37206 38637 40095 41580 43092 44631 46197 47790 49410 51057 52731 54432 56160 57915 59697 61506 63342 65205 67095 
28 84 168 280 420 588 784 1008 1260 1540 1848 2184 2548 2940 3360 3808 4284 4788 5320 5880 6468 7084 7728 8400 9100 9828 10584 11368 12180 13020 13888 14784 15708 16660 17640 18648 19684 20748 21840 22960 24108 25284 26488 27720 28980 30268 31584 32928 34300 35700 37128 38584 40068 41580 43120 44688 46284 47908 49560 51240 52948 54684 56448 58240 60060 61908 63784 65688 67620 69580 
29 87 174 290 435 609 812 1044 1305 1595 1914 2262 2639 3045 3480 3944 4437 4959 5510 6090 6699 7337 8004 8700 9425 10179 10962 11774 12615 13485 14384 15312 16269 17255 18270 19314 20387 21489 22620 23780 24969 26187 27434 28710 30015 31349 32712 34104 35525 36975 38454 39962 41499 43065 44660 46284 47937 49619 51330 53070 54839 56637 58464 60320 62205 64119 66062 68034 70035 72065 
30 90 180 300 450 630 840 1080 1350 1650 1980 2340 2730 3150 3600 4080 4590 5130 5700 6300 6930 7590 8280 9000 9750 10530 11340 12180 13050 13950 14880 15840 16830 17850 18900 19980 21090 22230 23400 24600 25830 27090 28380 29700 31050 32430 33840 35280 36750 38250 39780 41340 42930 44550 46200 47880 49590 51330 53100 54900 56730 58590 60480 62400 64350 66330 68340 70380 72450 74550 
31 93 186 310 465 651 868 1116 1395 1705 2046 2418 2821 3255 3720 4216 4743 5301 5890 6510 7161 7843 8556 9300 10075 10881 11718 12586 13485 14415 15376 16368 17391 18445 19530 20646 21793 22971 24180 25420 26691 27993 29326 30690 32085 33511 34968 36456 37975 39525 41106 42718 44361 46035 47740 49476 51243 53041 54870 56730 58621 60543 62496 64480 66495 68541 70618 72726 74865 77035 
32 96 192 320 480 672 896 1152 1440 1760 2112 2496 2912 3360 3840 4352 4896 5472 6080 6720 7392 8096 8832 9600 10400 11232 12096 12992 13920 14880 15872 16896 17952 19040 20160 21312 22496 23712 24960 26240 27552 28896 30272 31680 33120 34592 36096 37632 39200 40800 42432 44096 45792 47520 49280 51072 52896 54752 56640 58560 60512 62496 64512 66560 68640 70752 72896 75072 77280 79520 
33 99 198 330 495 693 924 1188 1485 1815 2178 2574 3003 3465 3960 4488 5049 5643 6270 6930 7623 8349 9108 9900 10725 11583 12474 13398 14355 15345 16368 17424 18513 19635 20790 21978 23199 24453 25740 27060 28413 29799 31218 32670 34155 35673 37224 38808 40425 42075 43758 45474 47223 49005 50820 52668 54549 56463 58410 60390 62403 64449 66528 68640 70785 72963 75174 77418 79695 82005 
34 102 204 340 510 714 952 1224 1530 1870 2244 2652 3094 3570 4080 4624 5202 5814 6460 7140 7854 8602 9384 10200 11050 11934 12852 13804 14790 15810 16864 17952 19074 20230 21420 22644 23902 25194 26520 27880 29274 30702 32164 33660 35190 36754 38352 39984 41650 43350 45084 46852 48654 50490 52360 54264 56202 58174 60180 62220 64294 66402 68544 70720 72930 75174 77452 79764 82110 84490 
35 105 210 350 525 735 980 1260 1575 1925 2310 2730 3185 3675 4200 4760 5355 5985 6650 7350 8085 8855 9660 10500 11375 12285 13230 14210 15225 16275 17360 18480 19635 20825 22050 23310 24605 25935 27300 28700 30135 31605 33110 34650 36225 37835 39480 41160 42875 44625 46410 48230 50085 51975 53900 55860 57855 59885 61950 64050 66185 68355 70560 72800 75075 77385 79730 82110 84525 86975 
36 108 216 360 540 756 1008 1296 1620 1980 2376 2808 3276 3780 4320 4896 5508 6156 6840 7560 8316 9108 9936 10800 11700 12636 13608 14616 15660 16740 17856 19008 20196 21420 22680 23976 25308 26676 28080 29520 30996 32508 34056 35640 37260 38916 40608 42336 44100 45900 47736 49608 51516 53460 55440 57456 59508 61596 63720 65880 68076 70308 72576 74880 77220 79596 82008 84456 86940 89460 
37 111 222 370 555 777 1036 1332 1665 2035 2442 2886 3367 3885 4440 5032 5661 6327 7030 7770 8547 9361 10212 11100 12025 12987 13986 15022 16095 17205 18352 19536 20757 22015 23310 24642 26011 27417 28860 30340 31857 33411 35002 36630 38295 39997 41736 43512 45325 47175 49062 50986 52947 54945 56980 59052 61161 63307 65490 67710 69967 72261 74592 76960 79365 81807 84286 86802 89355 91945 
38 114 228 380 570 798 1064 1368 1710 2090 2508 2964 3458 3990 4560 5168 5814 6498 7220 7980 8778 9614 10488 11400 12350 13338 14364 15428 16530 17670 18848 20064 21318 22610 23940 25308 26714 28158 29640 31160 32718 34314 35948 37620 39330 41078 42864 44688 46550 48450 50388 52364 54378 56430 58520 60648 62814 65018 67260 69540 71858 74214 76608 79040 81510 84018 86564 89148 91770 94430 
39 117 234 390 585 819 1092 1404 1755 2145 2574 3042 3549 4095 4680 5304 5967 6669 7410 8190 9009 9867 10764 11700 12675 13689 14742 15834 16965 18135 19344 20592 21879 23205 24570 25974 27417 28899 30420 31980 33579 35217 36894 38610 40365 42159 43992 45864 47775 49725 51714 53742 55809 57915 60060 62244 64467 66729 69030 71370 73749 76167 78624 81120 83655 86229 88842 91494 94185 96915 
40 120 240 400 600 840 1120 1440 1800 2200 2640 3120 3640 4200 4800 5440 6120 6840 7600 8400 9240 10120 11040 12000 13000 14040 15120 16240 17400 18600 19840 21120 22440 23800 25200 26640 28120 29640 31200 32800 34440 36120 37840 39600 41400 43240 45120 47040 49000 51000 53040 55120 57240 59400 61600 63840 66120 68440 70800 73200 75640 78120 80640 83200 85800 88440 91120 93840 96600 99400 
41 123 246 410 615 861 1148 1476 1845 2255 2706 3198 3731 4305 4920 5576 6273 7011 7790 8610 9471 10373 11316 12300 13325 14391 15498 16646 17835 19065 20336 21648 23001 24395 25830 27306 28823 30381 31980 33620 35301 37023 38786 40590 42435 44321 46248 48216 50225 52275 54366 56498 58671 60885 63140 65436 67773 70151 72570 75030 77531 80073 82656 85280 87945 90651 93398 96186 99015 101885 
42 126 252 420 630 882 1176 1512 1890 2310 2772 3276 3822 4410 5040 5712 6426 7182 7980 8820 9702 10626 11592 12600 13650 14742 15876 17052 18270 19530 20832 22176 23562 24990 26460 27972 29526 31122 32760 34440 36162 37926 39732 41580 43470 45402 47376 49392 51450 53550 55692 57876 60102 62370 64680 67032 69426 71862 74340 76860 79422 82026 84672 87360 90090 92862 95676 98532 101430 104370 
43 129 258 430 645 903 1204 1548 1935 2365 2838 3354 3913 4515 5160 5848 6579 7353 8170 9030 9933 10879 11868 12900 13975 15093 16254 17458 18705 19995 21328 22704 24123 25585 27090 28638 30229 31863 33540 35260 37023 38829 40678 42570 44505 46483 48504 50568 52675 54825 57018 59254 61533 63855 66220 68628 71079 73573 76110 78690 81313 83979 86688 89440 92235 95073 97954 100878 103845 106855 
44 132 264 440 660 924 1232 1584 1980 2420 2904 3432 4004 4620 5280 5984 6732 7524 8360 9240 10164 11132 12144 13200 14300 15444 16632 17864 19140 20460 21824 23232 24684 26180 27720 29304 30932 32604 34320 36080 37884 39732 41624 43560 45540 47564 49632 51744 53900 56100 58344 60632 62964 65340 67760 70224 72732 75284 77880 80520 83204 85932 88704 91520 94380 97284 100232 103224 106260 109340 
45 135 270 450 675 945 1260 1620 2025 2475 2970 3510 4095 4725 5400 6120 6885 7695 8550 9450 10395 11385 12420 13500 14625 15795 17010 18270 19575 20925 22320 23760 25245 26775 28350 29970 31635 33345 35100 36900 38745 40635 42570 44550 46575 48645 50760 52920 55125 57375 59670 62010 64395 66825 69300 71820 74385 76995 79650 82350 85095 87885 90720 93600 96525 99495 102510 105570 108675 111825 
46 138 276 460 690 966 1288 1656 2070 2530 3036 3588 4186 4830 5520 6256 7038 7866 8740 9660 10626 11638 12696 13800 14950 16146 17388 18676 20010 21390 22816 24288 25806 27370 28980 30636 32338 34086 35880 37720 39606 41538 43516 45540 47610 49726 51888 54096 56350 58650 60996 63388 65826 68310 70840 73416 76038 78706 81420 84180 86986 89838 92736 95680 98670 101706 104788 107916 111090 114310 
47 141 282 470 705 987 1316 1692 2115 2585 3102 3666 4277 4935 5640 6392 7191 8037 8930 9870 10857 11891 12972 14100 15275 16497 17766 19082 20445 21855 23312 24816 26367 27965 29610 31302 33041 34827 36660 38540 40467 42441 44462 46530 48645 50807 53016 55272 57575 59925 62322 64766 67257 69795 72380 75012 77691 80417 83190 86010 88877 91791 94752 97760 100815 103917 107066 110262 113505 116795 
48 144 288 480 720 1008 1344 1728 2160 2640 3168 3744 4368 5040 5760 6528 7344 8208 9120 10080 11088 12144 13248 14400 15600 16848 18144 19488 20880 22320 23808 25344 26928 28560 30240 31968 33744 35568 37440 39360 41328 43344 45408 47520 49680 51888 54144 56448 58800 61200 63648 66144 68688 71280 73920 76608 79344 82128 84960 87840 90768 93744 96768 99840 102960 106128 109344 112608 115920 119280 
49 147 294 490 735 1029 1372 1764 2205 2695 3234 3822 4459 5145 5880 6664 7497 8379 9310 10290 11319 12397 13524 14700 15925 17199 18522 19894 21315 22785 24304 25872 27489 29155 30870 32634 34447 36309 38220 40180 42189 44247 46354 48510 50715 52969 55272 57624 60025 62475 64974 67522 70119 72765 75460 78204 80997 83839 86730 89670 92659 95697 98784 101920 105105 108339 111622 114954 118335 121765 
50 150 300 500 750 1050 1400 1800 2250 2750 3300 3900 4550 5250 6000 6800 7650 8550 9500 10500 11550 12650 13800 15000 16250 17550 18900 20300 21750 23250 24800 26400 28050 29750 31500 33300 35150 37050 39000 41000 43050 45150 47300 49500 51750 54050 56400 58800 61250 63750 66300 68900 71550 74250 77000 79800 82650 85550 88500 91500 94550 97650 100800 104000 107250 110550 113900 117300 120750 124250 
51 153 306 510 765 1071 1428 1836 2295 2805 3366 3978 4641 5355 6120 6936 7803 8721 9690 10710 11781 12903 14076 15300 16575 17901 19278 20706 22185 23715 25296 26928 28611 30345 32130 33966 35853 37791 39780 41820 43911 46053 48246 50490 52785 55131 57528 59976 62475 65025 67626 70278 72981 75735 78540 81396 84303 87261 90270 93330 96441 99603 102816 106080 109395 112761 116178 119646 123165 126735 
52 156 312 520 780 1092 1456 1872 2340 2860 3432 4056 4732 5460 6240 7072 7956 8892 9880 10920 12012 13156 14352 15600 16900 18252 19656 21112 22620 24180 25792 27456 29172 30940 32760 34632 36556 38532 40560 42640 44772 46956 49192 51480 53820 56212 58656 61152 63700 66300 68952 71656 74412 77220 80080 82992 85956 88972 92040 95160 98332 101556 104832 108160 111540 114972 118456 121992 125580 129220 
53 159 318 530 795 1113 1484 1908 2385 2915 3498 4134 4823 5565 6360 7208 8109 9063 10070 11130 12243 13409 14628 15900 17225 18603 20034 21518 23055 24645 26288 27984 29733 31535 33390 35298 37259 39273 41340 43460 45633 47859 50138 52470 54855 57293 59784 62328 64925 67575 70278 73034 75843 78705 81620 84588 87609 90683 93810 96990 100223 103509 106848 110240 113685 117183 120734 124338 127995 131705 
54 162 324 540 810 1134 1512 1944 2430 2970 3564 4212 4914 5670 6480 7344 8262 9234 10260 11340 12474 13662 14904 16200 17550 18954 20412 21924 23490 25110 26784 28512 30294 32130 34020 35964 37962 40014 42120 44280 46494 48762 51084 53460 55890 58374 60912 63504 66150 68850 71604 74412 77274 80190 83160 86184 89262 92394 95580 98820 102114 105462 108864 112320 115830 119394 123012 126684 130410 134190 
55 165 330 550 825 1155 1540 1980 2475 3025 3630 4290 5005 5775 6600 7480 8415 9405 10450 11550 12705 13915 15180 16500 17875 19305 20790 22330 23925 25575 27280 29040 30855 32725 34650 36630 38665 40755 42900 45100 47355 49665 52030 54450 56925 59455 62040 64680 67375 70125 72930 75790 78705 81675 84700 87780 90915 94105 97350 100650 104005 107415 110880 114400 117975 121605 125290 129030 132825 136675 
56 168 336 560 840 1176 1568 2016 2520 3080 3696 4368 5096 5880 6720 7616 8568 9576 10640 11760 12936 14168 15456 16800 18200 19656 21168 22736 24360 26040 27776 29568 31416 33320 35280 37296 39368 41496 43680 45920 48216 50568 52976 55440 57960 60536 63168 65856 68600 71400 74256 77168 80136 83160 86240 89376 92568 95816 99120 102480 105896 109368 112896 116480 120120 123816 127568 131376 135240 139160 
57 171 342 570 855 1197 1596 2052 2565 3135 3762 4446 5187 5985 6840 7752 8721 9747 10830 11970 13167 14421 15732 17100 18525 20007 21546 23142 24795 26505 28272 30096 31977 33915 35910 37962 40071 42237 44460 46740 49077 51471 53922 56430 58995 61617 64296 67032 69825 72675 75582 78546 81567 84645 87780 90972 94221 97527 100890 104310 107787 111321 114912 118560 122265 126027 129846 133722 137655 141645 
58 174 348 580 870 1218 1624 2088 2610 3190 3828 4524 5278 6090 6960 7888 8874 9918 11020 12180 13398 14674 16008 17400 18850 20358 21924 23548 25230 26970 28768 30624 32538 34510 36540 38628 40774 42978 45240 47560 49938 52374 54868 57420 60030 62698 65424 68208 71050 73950 76908 79924 82998 86130 89320 92568 95874 99238 102660 106140 109678 113274 116928 120640 124410 128238 132124 136068 140070 144130 
59 177 354 590 885 1239 1652 2124 2655 3245 3894 4602 5369 6195 7080 8024 9027 10089 11210 12390 13629 14927 16284 17700 19175 20709 22302 23954 25665 27435 29264 31152 33099 35105 37170 39294 41477 43719 46020 48380 50799 53277 55814 58410 61065 63779 66552 69384 72275 75225 78234 81302 84429 87615 90860 94164 97527 100949 104430 107970 111569 115227 118944 122720 126555 130449 134402 138414 142485 146615 
60 180 360 600 900 1260 1680 2160 2700 3300 3960 4680 5460 6300 7200 8160 9180 10260 11400 12600 13860 15180 16560 18000 19500 21060 22680 24360 26100 27900 29760 31680 33660 35700 37800 39960 42180 44460 46800 49200 51660 54180 56760 59400 62100 64860 67680 70560 73500 76500 79560 82680 85860 89100 92400 95760 99180 102660 106200 109800 113460 117180 120960 124800 128700 132660 136680 140760 144900 149100 
61 183 366 610 915 1281 1708 2196 2745 3355 4026 4758 5551 6405 7320 8296 9333 10431 11590 12810 14091 15433 16836 18300 19825 21411 23058 24766 26535 28365 30256 32208 34221 36295 38430 40626 42883 45201 47580 50020 52521 55083 57706 60390 63135 65941 68808 71736 74725 77775 80886 84058 87291 90585 93940 97356 100833 104371 107970 111630 115351 119133 122976 126880 130845 134871 138958 143106 147315 151585 
62 186 372 620 930 1302 1736 2232 2790 3410 4092 4836 5642 6510 7440 8432 9486 10602 11780 13020 14322 15686 17112 18600 20150 21762 23436 25172 26970 28830 30752 32736 34782 36890 39060 41292 43586 45942 48360 50840 53382 55986 58652 61380 64170 67022 69936 72912 75950 79050 82212 85436 88722 92070 95480 98952 102486 106082 109740 113460 117242 121086 124992 128960 132990 137082 141236 145452 149730 154070 
63 189 378 630 945 1323 1764 2268 2835 3465 4158 4914 5733 6615 7560 8568 9639 10773 11970 13230 14553 15939 17388 18900 20475 22113 23814 25578 27405 29295 31248 33264 35343 37485 39690 41958 44289 46683 49140 51660 54243 56889 59598 62370 65205 68103 71064 74088 77175 80325 83538 86814 90153 93555 97020 100548 104139 107793 111510 115290 119133 123039 127008 131040 135135 139293 143514 147798 152145 156555 
64 192 384 640 960 1344 1792 2304 2880 3520 4224 4992 5824 6720 7680 8704 9792 10944 12160 13440 14784 16192 17664 19200 20800 22464 24192 25984 27840 29760 31744 33792 35904 38080 40320 42624 44992 47424 49920 52480 55104 57792 60544 63360 66240 69184 72192 75264 78400 81600 84864 88192 91584 95040 98560 102144 105792 109504 113280 117120 121024 124992 129024 133120 137280 141504 145792 150144 154560 159040 
65 195 390 650 975 1365 1820 2340 2925 3575 4290 5070 5915 6825 7800 8840 9945 11115 12350 13650 15015 16445 17940 19500 21125 22815 24570 26390 28275 30225 32240 34320 36465 38675 40950 43290 45695 48165 50700 53300 55965 58695 61490 64350 67275 70265 73320 76440 79625 82875 86190 89570 93015 96525 100100 103740 107445 111215 115050 118950 122915 126945 131040 135200 139425 143715 148070 152490 156975 161525 
66 198 396 660 990 1386 1848 2376 2970 3630 4356 5148 6006 6930 7920 8976 10098 11286 12540 13860 15246 16698 18216 19800 21450 23166 24948 26796 28710 30690 32736 34848 37026 39270 41580 43956 46398 48906 51480 54120 56826 59598 62436 65340 68310 71346 74448 77616 80850 84150 87516 90948 94446 98010 101640 105336 109098 112926 116820 120780 124806 128898 133056 137280 141570 145926 150348 154836 159390 164010 
67 201 402 670 1005 1407 1876 2412 3015 3685 4422 5226 6097 7035 8040 9112 10251 11457 12730 14070 15477 16951 18492 20100 21775 23517 25326 27202 29145 31155 33232 35376 37587 39865 42210 44622 47101 49647 52260 54940 57687 60501 63382 66330 69345 72427 75576 78792 82075 85425 88842 92326 95877 99495 103180 106932 110751 114637 118590 122610 126697 130851 135072 139360 143715 148137 152626 157182 161805 166495 
68 204 408 680 1020 1428 1904 2448 3060 3740 4488 5304 6188 7140 8160 9248 10404 11628 12920 14280 15708 17204 18768 20400 22100 23868 25704 27608 29580 31620 33728 35904 38148 40460 42840 45288 47804 50388 53040 55760 58548 61404 64328 67320 70380 73508 76704 79968 83300 86700 90168 93704 97308 100980 104720 108528 112404 116348 120360 124440 128588 132804 137088 141440 145860 150348 154904 159528 164220 168980 
69 207 414 690 1035 1449 1932 2484 3105 3795 4554 5382 6279 7245 8280 9384 10557 11799 13110 14490 15939 17457 19044 20700 22425 24219 26082 28014 30015 32085 34224 36432 38709 41055 43470 45954 48507 51129 53820 56580 59409 62307 65274 68310 71415 74589 77832 81144 84525 87975 91494 95082 98739 102465 106260 110124 114057 118059 122130 126270 130479 134757 139104 143520 148005 152559 157182 161874 166635 171465 
70 210 420 700 1050 1470 1960 2520 3150 3850 4620 5460 6370 7350 8400 9520 10710 11970 13300 14700 16170 17710 19320 21000 22750 24570 26460 28420 30450 32550 34720 36960 39270 41650 44100 46620 49210 51870 54600 57400 60270 63210 66220 69300 72450 75670 78960 82320 85750 89250 92820 96460 100170 103950 107800 111720 115710 119770 123900 128100 132370 136710 141120 145600 150150 154770 159460 164220 169050 173950 
